date,open,high,close,low,volume,amount
1994-02-24,12.0,12.58,12.58,10.8,10766700.0,126098000.0
1994-02-25,12.65,13.48,13.25,12.42,9091600.0,117666000.0
1994-02-28,13.3,13.98,12.71,12.71,6094600.0,81543000.0
1994-03-01,12.8,12.95,12.36,12.32,1429900.0,17935000.0
1994-03-02,12.3,13.0,12.97,12.2,2232900.0,28438000.0
1994-03-03,13.15,14.5,14.5,13.13,8956900.0,124439000.0
1994-03-04,15.0,15.52,15.5,14.95,5513300.0,83901000.0
1994-03-07,16.0,16.36,16.36,15.96,1214100.0,19534000.0
1994-03-08,17.1,19.0,19.0,17.1,4859800.0,86814000.0
1994-03-09,20.0,22.59,22.58,19.75,5626200.0,116875000.0
1994-03-10,23.2,29.8,23.2,18.51,20938500.0,492129000.0
1994-03-11,23.0,24.08,23.8,22.1,5253500.0,123313000.0
1994-03-14,24.51,25.9,25.9,24.11,5565300.0,139603000.0
1994-03-15,26.03,26.03,24.32,23.0,3310000.0,80684000.0
1994-03-16,23.98,25.0,23.8,23.5,2432900.0,59730000.0
1994-03-17,23.5,23.5,22.11,21.51,1524700.0,34467000.0
1994-03-18,22.12,23.4,23.09,22.12,2491600.0,56972000.0
1994-03-21,23.17,23.97,23.65,23.11,3046700.0,71800000.0
1994-03-22,23.66,24.02,24.02,23.66,2238100.0,53182224.0
1994-03-23,23.92,24.91,22.0,21.9,4918600.0,113000000.0
1994-03-24,21.42,21.6,20.97,19.8,1713900.0,35736294.0
1994-03-25,20.9,21.0,21.0,19.81,774700.0,15580504.0
1994-03-28,20.0,20.9,20.9,19.8,556600.0,11313301.0
1994-03-29,20.85,20.98,20.89,20.11,272600.0,5637495.0
1994-03-30,20.68,20.8,20.69,20.29,166100.0,3400975.0
1994-03-31,20.75,20.75,20.3,19.02,142500.0,2889970.0
1994-04-01,19.8,20.28,19.8,19.55,171600.0,3399844.0
1994-04-04,19.48,19.48,18.86,18.51,226500.0,4277115.0
1994-04-05,18.4,19.05,19.05,17.7,373100.0,6807300.0
1994-04-06,19.16,20.01,20.01,19.16,482700.0,9490592.0
1994-04-07,20.14,20.95,20.95,20.1,1080600.0,22285565.0
1994-04-08,21.02,21.68,19.97,18.44,3446700.0,70581091.0
1994-04-11,19.7,20.1,19.88,19.22,559500.0,11043656.0
1994-04-12,19.99,20.03,18.92,18.85,668100.0,12763900.0
1994-04-13,19.1,19.25,18.93,18.7,237700.0,4484254.0
1994-04-14,18.89,18.89,18.15,17.7,195600.0,3592547.0
1994-04-15,17.8,18.13,17.8,17.03,197000.0,3444564.0
1994-04-18,17.48,17.85,17.42,17.02,100500.0,1757612.0
1994-04-19,17.35,17.35,16.38,16.38,124500.0,2096978.0
1994-04-20,16.3,16.45,15.64,15.63,243900.0,3902789.0
1994-04-21,15.1,18.05,18.05,15.1,536300.0,8859741.0
1994-04-22,18.32,20.0,18.85,18.32,1102800.0,21299717.0
1994-04-25,19.35,19.88,18.67,18.4,182400.0,3482819.0
1994-04-26,18.65,19.66,19.11,18.65,2838100.0,54959663.0
1994-04-27,19.49,19.75,19.7,19.18,412000.0,8045656.0
1994-04-28,19.99,21.38,21.38,19.84,2050900.0,42647622.0
1994-04-29,21.36,21.55,21.44,20.64,2313700.0,49277534.0
1994-05-03,21.7,23.15,23.14,21.65,1787400.0,40018409.0
1994-05-04,23.3,24.47,24.46,23.12,1711100.0,40738311.0
1994-05-05,24.55,25.38,25.36,23.7,2674200.0,66475223.0
1994-05-06,25.38,25.65,25.36,24.5,1744600.0,43575652.0
1994-05-09,25.33,26.18,26.17,24.99,1782600.0,45479454.0
1994-05-10,26.08,27.2,27.2,25.8,1413300.0,37478951.0
1994-05-11,27.02,27.9,27.5,26.51,1734200.0,47522062.0
1994-05-12,26.98,27.5,22.34,22.0,1771800.0,42749844.0
1994-05-13,22.2,23.73,23.6,22.01,1762600.0,40879624.0
1994-05-16,24.21,24.48,23.71,23.28,3001300.0,71378538.0
1994-05-17,23.44,24.58,24.58,23.44,1652900.0,39830827.0
1994-05-18,24.61,24.86,24.62,24.01,1748200.0,42675817.0
1994-05-19,24.5,24.68,24.68,24.08,652800.0,15963032.0
1994-05-20,24.58,25.06,25.06,24.31,577500.0,14315816.0
1994-05-23,25.25,25.5,25.29,25.02,180300.0,4550497.0
1994-05-24,25.0,25.5,25.5,25.0,320500.0,8113683.0
1994-05-25,25.59,25.96,25.95,25.27,534900.0,13616868.0
1994-05-26,25.6,26.22,26.09,25.6,109000.0,2839158.0
1994-05-27,26.0,26.19,26.19,25.99,296800.0,7741334.0
1994-05-30,26.3,26.3,26.3,26.15,237300.0,6215824.0
1994-05-31,25.98,26.37,26.37,25.88,159400.0,4186073.0
1994-06-01,26.2,26.5,26.5,26.2,173700.0,4590619.0
1994-06-02,26.54,26.8,26.73,26.43,118400.0,3159841.0
1994-06-03,26.7,26.98,26.98,26.69,143300.0,3844319.0
1994-06-06,27.0,27.3,27.3,27.0,302600.0,8223496.0
1994-06-07,27.3,27.44,27.44,27.29,279300.0,7648077.0
1994-06-08,27.41,27.55,27.55,27.41,59600.0,1637214.0
1994-06-09,27.58,28.1,28.1,27.54,754000.0,20971870.0
1994-06-10,28.1,28.5,28.5,28.1,388500.0,10988235.0
1994-06-13,28.5,28.92,28.91,28.5,382600.0,11000699.0
1994-06-14,28.92,29.28,29.28,28.91,238500.0,6938757.0
1994-06-15,29.32,29.71,29.71,29.32,405000.0,11944813.0
1994-06-16,29.72,30.2,30.2,29.71,640900.0,19212797.0
1994-06-17,30.21,30.61,30.61,30.2,427000.0,12992247.0
1994-06-20,30.63,31.2,31.05,30.63,487500.0,15031879.0
1994-06-21,31.06,31.43,31.43,31.05,335300.0,10482692.0
1994-06-22,31.46,31.84,31.84,31.46,369000.0,11674363.0
1994-06-23,31.85,32.25,32.25,31.84,425600.0,13640387.0
1994-06-24,32.25,32.6,32.59,32.25,555900.0,18035279.0
1994-06-27,27.28,28.75,27.55,26.08,812200.0,22816525.0
1994-06-28,27.5,27.83,27.82,27.49,421000.0,11644116.0
1994-06-29,27.84,28.18,28.15,27.83,473300.0,13254613.0
1994-06-30,28.16,28.29,24.0,24.0,728200.0,19604290.0
1994-07-01,24.0,24.0,20.01,18.18,1764700.0,35640695.0
1994-07-04,19.5,20.4,18.29,18.18,603500.0,11621826.0
1994-07-05,18.45,18.45,17.75,16.5,1267600.0,22511654.0
1994-07-06,17.65,18.55,18.0,17.0,778900.0,14082815.0
1994-07-07,18.2,19.9,19.83,18.11,1512800.0,28153643.0
1994-07-08,20.2,20.7,20.21,19.51,1624100.0,32767471.0
1994-07-11,20.28,20.3,20.08,19.81,205100.0,4108971.0
1994-07-12,20.01,20.79,20.69,20.01,372100.0,7639162.0
1994-07-13,20.9,22.0,21.9,20.87,413700.0,8859824.0
1994-07-14,22.4,22.76,22.0,21.3,633000.0,14112514.0
1994-07-15,21.93,22.4,22.0,21.33,555300.0,12114611.0
1994-07-18,21.18,21.8,21.32,21.18,153000.0,3293341.0
1994-07-19,21.4,21.79,21.48,21.12,179600.0,3824650.0
1994-07-20,21.4,21.62,21.3,21.25,134300.0,2870301.0
1994-07-21,21.01,21.36,21.29,21.01,249700.0,5275736.0
1994-07-22,21.0,21.4,21.35,20.16,553700.0,11575751.0
1994-07-25,20.9,21.2,21.15,20.54,79400.0,1654936.0
1994-07-26,21.1,21.34,21.15,21.01,57100.0,1207963.0
1994-07-27,21.1,21.6,21.48,20.64,330800.0,7040132.0
1994-07-28,21.48,21.49,20.08,20.08,494300.0,10413133.0
1994-07-29,19.7,20.2,20.08,19.0,525200.0,10421751.0
1994-08-01,21.0,22.0,21.7,20.51,638200.0,13757663.0
1994-08-02,22.11,24.2,22.75,21.51,449600.0,10190152.0
1994-08-03,22.7,24.5,24.44,22.35,367600.0,8576454.0
1994-08-04,24.4,25.89,24.55,24.0,234800.0,5788999.0
1994-08-05,24.4,24.4,24.2,22.75,143400.0,3414768.0
1994-08-08,25.0,25.2,23.8,23.8,229500.0,5694748.0
1994-08-09,24.03,25.17,24.05,23.82,437500.0,10785103.0
1994-08-10,24.35,24.39,24.39,23.01,196700.0,4654403.0
1994-08-11,24.6,26.86,26.0,23.98,1243000.0,32230364.0
1994-08-12,26.5,26.93,26.05,25.5,635900.0,16905747.0
1994-08-15,26.0,26.0,24.7,24.61,232800.0,5896193.0
1994-08-16,24.5,25.49,24.84,24.0,316500.0,7753728.0
1994-08-17,24.8,26.01,25.51,23.52,562300.0,14271281.0
1994-08-18,25.5,25.52,25.52,24.5,224800.0,5688235.0
1994-08-19,25.48,25.5,25.39,24.3,113000.0,2837024.0
1994-08-22,24.01,24.75,24.25,23.8,27700.0,672838.0
1994-08-23,24.11,24.6,24.1,24.0,63900.0,1539849.0
1994-08-24,24.3,24.59,24.1,24.0,59100.0,1436468.0
1994-08-25,24.0,25.69,24.96,24.0,449300.0,11283357.0
1994-08-26,25.29,25.29,24.3,24.01,224300.0,5538947.0
1994-08-29,23.98,24.6,23.98,23.6,205700.0,4965426.0
1994-08-30,24.0,24.7,24.4,23.88,426700.0,10391737.0
1994-08-31,24.6,24.7,24.38,24.38,533400.0,13086393.0
1994-09-01,25.2,29.89,28.38,25.2,3939400.0,111000000.0
1994-09-02,28.8,29.5,28.49,27.5,3396100.0,96993936.0
1994-09-05,29.1,30.07,29.45,28.7,3361000.0,98199517.0
1994-09-06,30.5,31.26,30.0,29.51,3415400.0,102000000.0
1994-09-07,29.8,29.8,27.32,27.01,1291200.0,37069420.0
1994-09-08,28.3,28.6,27.9,27.5,805300.0,22455557.0
1994-09-09,28.18,28.3,27.1,27.0,762500.0,20929254.0
1994-09-12,27.6,27.85,27.69,26.22,638800.0,17375608.0
1994-09-13,28.0,28.05,27.0,27.0,440400.0,12094952.0
1994-09-14,27.2,27.4,25.21,25.21,355000.0,9409319.0
1994-09-15,26.0,28.36,27.4,25.25,1127400.0,30575392.0
1994-09-16,28.15,28.38,26.7,26.52,483100.0,13318593.0
1994-09-19,26.0,26.3,25.2,25.02,488000.0,12662393.0
1994-09-20,25.5,25.79,24.9,24.9,308000.0,7752542.0
1994-09-21,25.1,25.61,25.61,25.06,323700.0,8210305.0
1994-09-22,25.99,26.0,25.01,24.9,220600.0,5598702.0
1994-09-23,24.89,24.98,23.58,23.11,262500.0,6306348.0
1994-09-26,23.0,23.5,23.14,22.4,342100.0,7890193.0
1994-09-27,23.46,24.8,23.18,23.18,565900.0,13547444.0
1994-09-28,23.51,24.22,23.5,23.35,365000.0,8710722.0
1994-09-29,24.2,24.5,21.98,21.2,311100.0,7253944.0
1994-09-30,21.5,21.77,20.8,20.12,391300.0,8233919.0
1994-10-05,20.5,21.5,18.81,18.12,364300.0,7294919.0
1994-10-06,19.8,19.98,18.1,18.01,258100.0,4923447.0
1994-10-07,17.5,20.0,18.8,14.12,950300.0,16008978.0
1994-10-10,18.0,18.68,17.65,16.58,548700.0,9905770.0
1994-10-11,18.0,18.35,17.85,17.82,192900.0,3471309.0
1994-10-12,17.86,20.4,19.55,17.86,1321100.0,25813771.0
1994-10-13,20.0,20.92,17.52,17.52,1750700.0,34493115.0
1994-10-14,16.5,18.48,17.9,16.0,883700.0,15319848.0
1994-10-17,16.5,17.3,16.5,16.48,696800.0,11661765.0
1994-10-18,16.5,16.96,16.72,16.48,434600.0,7236195.0
1994-10-19,16.75,17.48,17.2,16.75,329300.0,5632028.0
1994-10-20,17.4,18.58,18.58,17.4,977100.0,17640404.0
1994-10-21,19.0,19.47,18.21,18.2,1531200.0,28903867.0
1994-10-24,19.0,19.68,19.65,18.5,964300.0,18463804.0
1994-10-25,20.0,20.1,18.6,17.99,971700.0,19035564.0
1994-10-26,18.3,18.5,17.25,17.2,388700.0,6845089.0
1994-10-27,17.24,17.89,17.4,16.8,384600.0,6623135.0
1994-10-28,17.51,18.47,17.22,17.15,713400.0,12757119.0
1994-10-31,16.8,17.0,16.71,16.2,232500.0,3887471.0
1994-11-01,16.8,17.2,17.08,16.8,220800.0,3756126.0
1994-11-02,16.9,17.0,16.88,16.8,110000.0,1861557.0
1994-11-03,16.85,18.49,17.98,16.85,758600.0,13427973.0
1994-11-04,18.2,18.37,17.05,16.8,441300.0,7666161.0
1994-11-07,16.68,17.2,17.14,16.28,205700.0,3477964.0
1994-11-08,17.4,18.4,17.52,17.4,782100.0,14008837.0
1994-11-09,17.15,17.88,17.85,17.0,381100.0,6723555.0
1994-11-10,18.3,18.47,17.45,17.4,454200.0,8118384.0
1994-11-11,17.7,17.95,17.79,17.3,198400.0,3487711.0
1994-11-14,18.0,18.0,17.9,17.45,300300.0,5386984.0
1994-11-15,17.5,17.84,17.38,17.25,161000.0,2816915.0
1994-11-16,17.3,17.5,17.3,17.01,126400.0,2175438.0
1994-11-17,17.4,17.58,17.21,17.21,84200.0,1460994.0
1994-11-18,17.21,17.25,17.15,16.95,100100.0,1710512.0
1994-11-21,17.11,17.22,17.13,17.0,46000.0,787702.0
1994-11-22,17.16,17.51,17.1,17.05,43000.0,740562.0
1994-11-23,17.0,17.0,16.8,16.7,95500.0,1608249.0
1994-11-24,16.82,17.0,16.83,16.7,51700.0,869774.0
1994-11-25,17.02,17.4,16.95,16.9,75900.0,1298491.0
1994-11-28,16.96,16.96,16.9,16.8,26100.0,441490.0
1994-11-29,16.8,16.92,16.92,16.62,57300.0,959384.0
1994-11-30,17.05,17.09,16.9,16.6,27900.0,473130.0
1994-12-01,16.88,16.92,16.7,16.52,33900.0,569370.0
1994-12-02,16.75,17.05,16.83,16.75,28900.0,487714.0
1994-12-05,16.75,16.75,16.4,16.4,48200.0,796866.0
1994-12-06,16.3,16.3,16.16,16.01,77700.0,1254494.0
1994-12-07,16.09,16.3,16.2,16.09,29200.0,473526.0
1994-12-08,16.05,16.2,16.0,15.96,45400.0,728130.0
1994-12-09,15.93,16.04,15.85,15.71,47800.0,758670.0
1994-12-12,15.8,15.8,15.3,15.28,66700.0,1031916.0
1994-12-13,15.2,16.2,15.7,15.2,66400.0,1033258.0
1994-12-14,15.81,15.81,15.5,15.3,68600.0,1062206.0
1994-12-15,15.6,16.45,16.4,15.43,152200.0,2446583.0
1994-12-16,16.17,17.0,16.55,16.0,309000.0,5121008.0
1994-12-19,16.7,16.78,15.91,15.8,109700.0,1781234.0
1994-12-20,16.05,16.22,16.2,15.58,148700.0,2393859.0
1994-12-21,16.53,18.85,18.0,16.5,1861900.0,33935508.0
1994-12-22,18.4,18.79,18.2,17.55,956000.0,17461076.0
1994-12-23,18.9,19.77,19.0,18.6,1999500.0,38656883.0
1994-12-26,19.98,19.98,19.33,19.2,586700.0,11383511.0
1994-12-27,19.45,19.5,18.25,17.8,549200.0,10248371.0
1994-12-28,18.0,18.1,17.69,17.56,303100.0,5378474.0
1994-12-29,17.68,18.2,17.49,17.35,308700.0,5474386.0
1994-12-30,17.6,17.72,17.4,17.23,141600.0,2470944.0
1995-01-03,17.18,17.58,17.22,16.81,52100.0,895802.0
1995-01-04,17.3,17.8,17.6,16.91,55500.0,964970.0
1995-01-05,17.8,17.8,17.41,17.22,71800.0,1257292.0
1995-01-06,17.21,17.6,17.22,17.03,97600.0,1687173.0
1995-01-09,17.0,17.1,16.85,16.75,84800.0,1435195.0
1995-01-10,16.3,16.69,16.21,16.1,137200.0,2241361.0
1995-01-11,16.0,16.4,16.25,15.9,130700.0,2101033.0
1995-01-12,16.25,16.3,15.82,15.68,82400.0,1319133.0
1995-01-13,15.5,16.16,15.98,15.5,120700.0,1921945.0
1995-01-16,15.75,15.9,15.8,15.51,77900.0,1223299.0
1995-01-17,15.98,16.0,15.85,15.74,34800.0,552355.0
1995-01-18,15.88,15.98,15.95,15.69,34000.0,539668.0
1995-01-19,15.91,16.0,15.2,15.0,97100.0,1506253.0
1995-01-20,15.13,15.8,15.65,14.9,111200.0,1691505.0
1995-01-23,15.55,15.55,15.1,15.01,58500.0,889224.0
1995-01-24,15.0,15.35,14.98,14.98,76500.0,1154388.0
1995-01-25,15.1,15.21,15.0,14.97,66700.0,1005355.0
1995-01-26,15.0,15.2,15.12,15.0,42900.0,646840.0
1995-01-27,15.1,15.5,15.3,15.0,67900.0,1040846.0
1995-02-06,15.2,15.35,14.28,14.28,81400.0,1160000.0
1995-02-07,14.05,14.4,14.09,13.82,87100.0,1220000.0
1995-02-08,14.0,14.17,14.0,13.9,61600.0,860000.0
1995-02-09,14.0,14.38,14.38,14.0,110400.0,1540000.0
1995-02-10,14.38,14.58,14.05,14.01,97900.0,1370000.0
1995-02-13,13.85,14.25,14.25,13.85,52600.0,738362.0
1995-02-14,14.25,14.31,14.2,13.9,39900.0,563196.0
1995-02-15,14.2,14.2,14.0,13.99,31000.0,436578.0
1995-02-16,13.95,14.0,13.8,13.7,63600.0,880380.0
1995-02-17,14.21,14.21,13.68,13.4,44500.0,610745.0
1995-02-20,13.75,14.0,13.8,13.7,44600.0,616803.0
1995-02-21,14.4,15.5,15.24,14.0,305700.0,4521334.0
1995-02-22,15.3,17.25,17.25,15.25,1027300.0,17016494.0
1995-02-23,16.99,17.7,16.9,16.1,754000.0,12722546.0
1995-02-24,17.25,17.25,15.7,15.5,424200.0,6849485.0
1995-02-27,16.7,16.76,15.7,15.1,404200.0,6484506.0
1995-02-28,15.39,15.55,15.15,14.85,191900.0,2895201.0
1995-03-01,14.9,15.45,15.35,14.9,131900.0,2002471.0
1995-03-02,15.28,15.5,15.38,15.28,95800.0,1474114.0
1995-03-03,15.49,15.98,15.8,15.35,328600.0,5152480.0
1995-03-06,16.02,16.6,16.6,15.8,505700.0,8213707.0
1995-03-07,16.48,16.88,16.71,15.8,563000.0,9294000.0
1995-03-08,16.6,17.09,16.69,16.45,527100.0,8829917.0
1995-03-09,16.6,16.78,16.3,16.1,259300.0,4278450.0
1995-03-10,16.1,16.15,15.8,15.8,212900.0,3391253.0
1995-03-13,15.98,16.0,15.88,15.7,97400.0,1545334.0
1995-03-14,16.02,16.65,16.18,15.95,197900.0,3242605.0
1995-03-15,16.2,16.24,15.72,15.6,116900.0,1845428.0
1995-03-16,15.72,16.2,16.16,15.69,87800.0,1395420.0
1995-03-17,16.1,16.5,16.5,16.0,251900.0,4115713.0
1995-03-20,16.7,16.82,16.23,16.18,350400.0,5834762.0
1995-03-21,16.1,16.7,16.5,16.03,119000.0,1935484.0
1995-03-22,16.55,16.95,16.94,16.5,345000.0,5787766.0
1995-03-23,17.05,17.14,16.8,16.6,417600.0,7098096.0
1995-03-24,16.8,17.19,17.1,16.68,243800.0,4102507.0
1995-03-27,17.35,18.29,18.1,17.3,765400.0,13582050.0
1995-03-29,18.16,18.95,18.75,18.1,1331500.0,24796825.0
1995-03-30,18.98,18.99,17.97,17.81,697700.0,12869424.0
1995-03-31,18.31,18.5,18.48,18.08,552600.0,10104298.0
1995-04-03,18.62,18.78,18.5,18.23,550100.0,10160668.0
1995-04-04,18.45,18.49,18.45,18.16,248800.0,4562913.0
1995-04-05,18.45,18.69,18.29,18.26,434300.0,8050870.0
1995-04-06,18.18,18.5,18.5,17.79,345300.0,6258344.0
1995-04-07,18.5,19.1,18.7,18.41,839400.0,15794357.0
1995-04-10,19.4,19.5,19.2,19.0,794500.0,15281545.0
1995-04-11,19.0,19.25,18.5,18.31,502200.0,9497248.0
1995-04-12,18.4,18.99,18.95,18.32,362800.0,6787578.0
1995-04-13,19.02,19.28,18.42,18.42,584700.0,11078382.0
1995-04-14,18.55,18.87,18.87,18.42,250800.0,4686619.0
1995-04-17,18.8,18.94,18.6,18.4,156200.0,2916641.0
1995-04-18,18.4,18.68,18.3,18.25,132300.0,2443020.0
1995-04-19,18.5,18.6,18.54,18.4,125100.0,2315768.0
1995-04-20,18.68,19.1,19.1,18.62,333000.0,6316437.0
1995-04-21,19.2,19.2,18.87,18.75,277300.0,5272924.0
1995-04-24,18.59,18.7,18.29,18.16,220300.0,4035394.0
1995-04-25,18.2,18.52,18.45,18.2,100400.0,1844762.0
1995-04-26,18.45,18.65,18.08,18.0,170400.0,3104575.0
1995-04-27,17.5,18.0,17.18,16.5,436800.0,7488003.0
1995-04-28,17.46,17.48,17.28,17.0,188300.0,3237726.0
1995-05-02,17.08,17.35,17.2,17.03,84400.0,1446222.0
1995-05-03,17.4,17.4,17.2,17.15,74700.0,1290425.0
1995-05-04,17.12,17.15,17.15,16.74,90600.0,1529689.0
1995-05-05,16.86,17.24,17.23,16.85,56600.0,969373.0
1995-05-08,17.0,17.1,17.0,16.88,33500.0,570142.0
1995-05-09,17.02,17.3,17.11,17.02,36100.0,619670.0
1995-05-10,17.2,17.3,16.78,16.5,34800.0,589265.0
1995-05-11,17.08,17.08,16.9,16.79,33700.0,568574.0
1995-05-12,16.89,18.27,18.2,16.89,553400.0,9833055.0
1995-05-15,18.0,18.58,18.34,17.75,754000.0,13827333.0
1995-05-16,18.3,18.58,18.0,17.8,200400.0,3666009.0
1995-05-17,18.0,18.18,18.18,17.8,57000.0,1023181.0
1995-05-18,21.8,23.66,23.12,20.38,2049900.0,44856485.0
1995-05-19,23.0,24.6,24.6,22.58,1708200.0,40650076.0
1995-05-22,26.0,26.57,24.75,24.51,1426200.0,36307050.0
1995-05-23,22.03,23.48,21.3,21.0,1115800.0,25114834.0
1995-05-24,21.88,23.1,22.18,20.61,868900.0,19060048.0
1995-05-25,22.18,22.8,21.3,21.02,812700.0,18146567.0
1995-05-26,20.77,25.0,21.85,20.31,520000.0,11179715.0
1995-05-29,21.8,21.99,21.0,20.5,205900.0,4389177.0
1995-05-30,21.1,21.49,21.25,20.88,175900.0,3714530.0
1995-05-31,20.9,21.0,20.6,20.5,120500.0,2498525.0
1995-06-01,20.65,21.05,21.05,20.65,155300.0,3254167.0
1995-06-02,21.2,21.97,21.45,21.1,348600.0,7514140.0
1995-06-05,21.48,21.64,20.84,20.58,122700.0,2580911.0
1995-06-06,20.3,20.75,20.5,20.08,205700.0,4204744.0
1995-06-07,20.5,21.28,21.28,20.5,58700.0,1224368.0
1995-06-08,21.15,21.49,21.1,20.5,248600.0,5230100.0
1995-06-09,20.9,21.45,21.14,20.66,206800.0,4379926.0
1995-06-12,20.8,20.99,20.73,20.7,78600.0,1633744.0
1995-06-13,20.8,20.85,20.78,20.7,42100.0,875286.0
1995-06-14,20.78,20.85,20.16,19.58,150900.0,3072219.0
1995-06-15,20.21,20.35,19.05,18.95,298200.0,5734623.0
1995-06-16,18.94,19.3,18.7,18.7,81800.0,1555732.0
1995-06-19,19.09,19.09,18.9,18.68,148600.0,2817407.0
1995-06-20,19.2,19.2,18.7,18.7,49300.0,933765.0
1995-06-21,18.7,18.95,18.89,18.6,56000.0,1051689.0
1995-06-22,19.0,19.0,18.78,18.78,25900.0,490559.0
1995-06-23,18.98,19.18,19.15,18.98,159600.0,3046574.0
1995-06-26,18.98,19.15,19.1,18.93,36400.0,693258.0
1995-06-27,19.19,19.3,19.0,18.91,65600.0,1254525.0
1995-06-28,18.94,18.95,18.89,18.8,16900.0,318798.0
1995-06-29,19.11,19.28,18.86,18.8,36800.0,699072.0
1995-06-30,18.8,18.8,18.65,18.5,98400.0,1834217.0
1995-07-03,18.5,18.72,18.65,18.21,59000.0,1096617.0
1995-07-04,18.8,18.89,18.88,18.65,51500.0,967828.0
1995-07-05,19.0,20.45,20.45,18.9,1200000.0,23748235.0
1995-07-06,20.27,21.4,21.18,20.01,1587100.0,33212074.0
1995-07-07,21.0,21.72,21.6,20.5,1850100.0,39347623.0
1995-07-10,21.35,23.1,23.1,21.2,1934400.0,42753277.0
1995-07-11,22.85,22.9,21.38,21.38,1198600.0,26664836.0
1995-07-12,21.2,21.99,21.55,21.2,363700.0,7862106.0
1995-07-13,21.9,21.9,21.49,21.19,201500.0,4345217.0
1995-07-14,21.59,21.67,21.2,21.13,158600.0,3383622.0
1995-07-17,21.18,22.24,21.8,21.0,448800.0,9787448.0
1995-07-18,21.8,21.95,21.35,21.12,248900.0,5330992.0
1995-07-19,21.55,21.6,20.65,20.65,231100.0,4925482.0
1995-07-20,20.65,21.0,20.9,20.65,65100.0,1357764.0
1995-07-21,20.8,21.2,20.91,20.8,105800.0,2223303.0
1995-07-24,20.95,21.75,20.55,20.3,206900.0,4296163.0
1995-07-25,20.58,20.95,20.51,20.41,214500.0,4433404.0
1995-07-26,20.56,21.49,20.5,20.41,577800.0,12147796.0
1995-07-27,20.5,20.77,20.5,20.26,158100.0,3225176.0
1995-07-28,20.5,20.8,20.3,20.1,287000.0,5835845.0
1995-07-31,20.81,20.81,20.3,20.18,322400.0,6556123.0
1995-08-01,20.27,20.83,20.7,20.05,304900.0,6269995.0
1995-08-02,21.19,21.88,20.7,20.61,714100.0,15240474.0
1995-08-03,20.98,20.98,20.75,20.58,129900.0,2695566.0
1995-08-04,20.96,20.99,20.83,20.7,176900.0,3689162.0
1995-08-07,20.6,21.0,20.97,20.55,106600.0,2218278.0
1995-08-08,21.2,21.2,20.58,20.58,225700.0,4679842.0
1995-08-09,20.68,20.8,20.8,20.4,87800.0,1807223.0
1995-08-10,20.79,20.9,20.75,20.0,282900.0,5801353.0
1995-08-11,20.4,20.87,20.41,20.31,213400.0,4368145.0
1995-08-14,20.38,21.18,20.8,20.08,403700.0,8225930.0
1995-08-15,20.99,21.0,20.3,20.2,141900.0,2929669.0
1995-08-16,20.33,20.33,20.2,20.05,228700.0,4613985.0
1995-08-17,21.18,21.18,20.35,20.25,205500.0,4211023.0
1995-08-18,21.0,21.1,20.35,20.31,192900.0,3979590.0
1995-08-21,20.48,20.7,20.2,20.12,119000.0,2424604.0
1995-08-22,20.3,20.4,20.1,20.0,156200.0,3142500.0
1995-08-23,20.3,20.68,20.19,20.0,161800.0,3270157.0
1995-08-24,20.3,20.3,20.08,20.03,49000.0,987417.0
1995-08-25,20.15,20.3,19.83,19.8,104900.0,2099293.0
1995-08-28,19.8,19.84,19.72,19.65,53400.0,1052746.0
1995-08-29,19.9,19.91,19.6,19.52,61300.0,1209407.0
1995-08-30,19.79,19.79,19.37,19.24,44800.0,870053.0
1995-08-31,19.3,19.4,19.3,19.16,42700.0,822581.0
1995-09-01,19.3,19.85,19.78,19.3,44200.0,866696.0
1995-09-04,20.1,20.76,20.13,20.0,432200.0,8818166.0
1995-09-05,20.27,20.76,20.15,20.01,271100.0,5530195.0
1995-09-06,20.16,20.25,20.09,19.92,193000.0,3878314.0
1995-09-07,20.15,20.21,20.02,19.98,274300.0,5502384.0
1995-09-08,20.57,20.57,20.07,20.0,296200.0,5978188.0
1995-09-11,20.1,20.2,19.99,19.81,144400.0,2880538.0
1995-09-12,19.99,20.3,19.7,19.49,140200.0,2799389.0
1995-09-13,20.0,20.17,19.46,19.42,79100.0,1550636.0
1995-09-14,19.55,19.58,19.1,19.01,185800.0,3558724.0
1995-09-15,19.3,19.3,19.13,19.0,73700.0,1410201.0
1995-09-18,19.11,19.15,18.9,18.82,91700.0,1737739.0
1995-09-19,19.05,19.15,18.24,18.18,178900.0,3318061.0
1995-09-20,18.0,18.38,18.0,17.56,112800.0,2029821.0
1995-09-21,18.0,18.18,18.09,17.96,103500.0,1866711.0
1995-09-22,18.09,18.09,18.0,17.84,55300.0,992685.0
1995-09-25,18.1,18.15,18.15,17.9,66100.0,1190385.0
1995-09-26,18.18,18.27,18.24,18.18,25800.0,470219.0
1995-09-27,17.81,17.9,17.2,17.2,101100.0,1780691.0
1995-09-28,17.21,17.3,16.98,16.96,95100.0,1624533.0
1995-09-29,17.01,17.35,17.2,17.01,76700.0,1319530.0
1995-10-04,17.17,17.17,16.85,16.55,36600.0,619504.0
1995-10-05,16.7,17.17,17.17,16.7,38400.0,648224.0
1995-10-06,17.16,17.85,17.29,17.01,94300.0,1651609.0
1995-10-09,17.0,17.0,16.8,16.65,56600.0,952009.0
1995-10-10,16.75,17.0,16.68,16.6,72300.0,1211960.0
1995-10-11,16.71,16.71,16.39,16.35,86600.0,1423038.0
1995-10-12,16.5,16.5,16.16,16.11,100600.0,1632184.0
1995-10-13,16.08,16.8,16.4,16.08,151700.0,2479583.0
1995-10-16,16.59,16.78,16.7,16.21,99500.0,1649687.0
1995-10-17,17.5,17.98,17.82,17.16,712900.0,12700110.0
1995-10-18,18.0,18.19,17.75,17.5,289000.0,5171075.0
1995-10-19,17.75,17.85,17.68,17.33,300300.0,5301058.0
1995-10-20,17.7,18.3,18.3,17.69,757500.0,13615528.0
1995-10-23,23.7,24.68,23.43,23.23,1573800.0,19865878.0
1995-10-24,23.51,23.7,23.21,22.96,492800.0,6031054.0
1995-10-25,24.65,25.03,24.4,23.7,1131400.0,14501207.0
1995-10-26,23.89,24.36,23.23,22.9,399100.0,5019764.0
1995-10-27,22.94,23.13,22.56,22.56,286000.0,3446388.0
1995-10-30,22.43,22.75,22.66,22.43,182000.0,2167834.0
1995-10-31,22.71,23.26,22.9,22.66,239000.0,2909156.0
1995-11-01,22.98,23.13,22.96,22.66,269300.0,3247605.0
1995-11-02,23.13,23.47,23.05,22.98,265800.0,3253042.0
1995-11-03,23.05,23.38,23.09,22.94,159500.0,1944158.0
1995-11-06,23.23,23.45,23.21,23.09,170400.0,2081641.0
1995-11-07,23.17,23.4,23.17,22.85,136000.0,1664113.0
1995-11-08,22.77,23.07,22.52,22.37,162400.0,1940484.0
1995-11-09,22.37,22.75,22.32,21.9,122600.0,1442711.0
1995-11-10,22.32,22.49,22.28,22.18,95300.0,1125714.0
1995-11-13,22.09,22.18,21.65,21.61,114300.0,1320224.0
1995-11-14,21.52,22.24,21.8,21.35,92200.0,1063332.0
1995-11-15,21.8,21.8,21.67,21.44,96300.0,1101265.0
1995-11-16,21.61,21.61,21.23,21.23,130400.0,1477725.0
1995-11-17,21.33,21.71,21.48,21.03,131010.0,1478245.0
1995-11-20,20.95,21.58,21.5,20.95,54800.0,619524.0
1995-11-21,21.48,21.65,21.61,21.42,44800.0,510328.0
1995-11-22,21.59,21.61,21.35,21.01,75200.0,850039.0
1995-11-23,21.05,21.42,21.23,21.05,94500.0,1062905.0
1995-11-24,21.23,21.58,21.42,21.23,46400.0,523444.0
1995-11-27,21.42,21.42,21.31,21.23,50200.0,564584.0
1995-11-28,21.31,21.8,21.8,21.23,63400.0,714356.0
1995-11-29,21.71,21.77,21.33,21.23,37300.0,420790.0
1995-11-30,21.23,21.75,21.42,20.91,74600.0,838461.0
1995-12-01,21.23,21.23,21.05,20.93,35000.0,389546.0
1995-12-04,21.05,21.06,21.01,20.87,27500.0,305171.0
1995-12-05,21.23,21.23,20.78,20.78,38900.0,429660.0
1995-12-06,20.86,20.86,20.38,20.38,53600.0,580424.0
1995-12-07,20.38,20.38,20.23,20.19,45800.0,488941.0
1995-12-08,19.91,20.38,20.23,19.74,161200.0,1711589.0
1995-12-11,20.1,20.19,19.53,19.49,110100.0,1155340.0
1995-12-12,18.98,20.42,20.25,18.98,154000.0,1579763.0
1995-12-13,20.02,20.06,19.62,19.38,78900.0,815787.0
1995-12-14,19.34,19.53,19.36,19.15,50400.0,513834.0
1995-12-15,19.15,19.53,19.28,19.05,91200.0,930499.0
1995-12-18,19.11,19.19,19.05,18.96,66100.0,666251.0
1995-12-19,19.13,19.24,19.15,19.05,41500.0,418832.0
1995-12-20,19.15,19.34,19.34,19.02,42300.0,428850.0
1995-12-21,19.3,19.45,19.15,19.11,40900.0,416959.0
1995-12-22,19.05,19.15,19.11,19.04,38600.0,388689.0
1995-12-25,18.9,18.92,18.5,18.48,56300.0,555312.0
1995-12-26,18.39,18.39,17.86,17.78,70500.0,671942.0
1995-12-27,17.92,17.92,17.63,17.56,51700.0,482243.0
1995-12-28,17.59,17.78,17.25,17.25,60800.0,562874.0
1995-12-29,17.06,17.35,16.97,16.93,116800.0,1053218.0
1996-01-02,16.27,16.87,16.4,16.27,73200.0,632657.0
1996-01-03,16.4,16.68,16.63,16.1,39000.0,336553.0
1996-01-04,16.5,17.25,17.14,16.4,74500.0,666038.0
1996-01-05,17.03,17.25,16.38,16.3,96900.0,857428.0
1996-01-08,16.3,16.3,16.17,15.83,43000.0,367396.0
1996-01-09,16.11,16.84,16.7,16.11,57200.0,502731.0
1996-01-10,16.5,16.5,16.3,15.55,53200.0,457256.0
1996-01-11,16.46,16.51,15.95,15.79,82800.0,704169.0
1996-01-12,15.93,16.44,16.27,15.89,70800.0,600027.0
1996-01-15,16.27,17.06,16.51,15.62,422900.0,3658452.0
1996-01-16,16.68,17.03,16.4,16.32,71300.0,623672.0
1996-01-17,16.3,16.53,16.3,16.12,91100.0,789196.0
1996-01-18,16.3,16.3,15.74,15.72,138800.0,1159061.0
1996-01-19,15.7,15.83,15.7,15.51,83500.0,691677.0
1996-01-22,15.51,15.74,15.7,15.51,40600.0,334854.0
1996-01-23,15.64,15.83,15.74,15.55,33800.0,280528.0
1996-01-24,15.74,16.0,15.74,15.74,43700.0,365110.0
1996-01-25,15.74,16.11,15.83,15.74,64300.0,541007.0
1996-01-26,15.74,16.11,15.98,15.17,50900.0,426977.0
1996-01-29,16.11,16.34,16.25,15.93,96100.0,823097.0
1996-01-30,15.96,16.36,16.3,15.96,67500.0,576745.0
1996-01-31,16.11,16.5,16.38,16.11,108500.0,935532.0
1996-02-01,16.11,16.5,16.48,16.11,58700.0,507465.0
1996-02-02,16.48,16.59,16.59,16.21,62700.0,544040.0
1996-02-05,16.65,17.44,16.63,16.51,529100.0,4753199.0
1996-02-06,16.13,16.66,16.59,16.13,106500.0,927466.0
1996-02-07,16.5,16.66,16.59,16.5,45200.0,394445.0
1996-02-08,16.59,16.8,16.55,16.46,29600.0,260035.0
1996-02-09,16.5,16.82,16.68,16.5,41100.0,362560.0
1996-02-12,16.57,16.82,16.72,16.57,39800.0,350974.0
1996-02-13,16.68,16.84,16.78,16.68,25900.0,229760.0
1996-02-14,16.93,16.93,16.82,16.8,50200.0,446758.0
1996-02-15,16.8,17.16,17.06,16.68,188300.0,1683985.0
1996-02-16,17.06,17.54,17.46,17.06,240900.0,2215020.0
1996-03-04,18.16,18.73,18.64,17.82,426200.0,4098493.0
1996-03-05,19.11,20.86,18.96,18.73,560000.0,5713138.0
1996-03-06,18.69,18.69,17.63,17.59,261700.0,2487796.0
1996-03-07,17.63,17.86,17.78,17.5,133700.0,1247973.0
1996-03-08,17.82,18.56,18.12,17.56,150000.0,1421382.0
1996-03-11,18.22,18.54,17.86,17.67,159500.0,1522905.0
1996-03-12,17.63,18.01,17.82,17.63,106200.0,994397.0
1996-03-13,17.78,18.01,17.82,17.63,52700.0,496131.0
1996-03-14,17.59,17.92,17.67,17.59,73900.0,694459.0
1996-03-15,17.63,17.82,17.78,17.56,47500.0,444762.0
1996-03-18,17.82,17.92,17.86,17.78,55300.0,520575.0
1996-03-19,17.86,18.35,17.88,17.86,37900.0,359429.0
1996-03-20,18.28,18.28,17.92,17.84,28700.0,271445.0
1996-03-21,17.92,18.09,17.82,17.82,61500.0,582676.0
1996-03-22,18.2,18.2,17.78,17.65,23600.0,222446.0
1996-03-25,17.73,18.05,17.92,17.73,143700.0,1358375.0
1996-03-26,17.86,17.94,17.82,17.82,100000.0,944297.0
1996-03-27,17.73,17.75,17.71,17.5,62100.0,580296.0
1996-03-28,17.67,17.73,17.48,16.84,79200.0,737911.0
1996-03-29,17.44,17.82,17.54,17.44,35000.0,326278.0
1996-04-01,18.2,18.37,17.88,17.44,215958.0,2053992.0
1996-04-02,17.63,17.78,17.48,17.46,98800.0,918685.0
1996-04-03,17.44,17.73,17.59,17.06,33300.0,309761.0
1996-04-04,17.63,17.82,17.75,17.46,46900.0,437000.0
1996-04-05,17.86,18.56,18.39,17.82,159700.0,1534609.0
1996-04-08,18.62,18.86,18.45,18.24,273700.0,2681043.0
1996-04-09,18.48,18.58,18.2,18.11,90700.0,873398.0
1996-04-10,18.2,18.39,18.14,18.01,67300.0,648227.0
1996-04-11,18.11,18.52,18.39,18.11,47200.0,453853.0
1996-04-12,18.58,18.77,18.58,18.5,209900.0,2071237.0
1996-04-15,18.48,18.73,18.5,18.41,82600.0,809334.0
1996-04-16,18.52,18.68,18.58,18.52,84400.0,827948.0
1996-04-17,18.96,19.15,18.77,18.77,163900.0,1636353.0
1996-04-18,18.88,18.88,18.81,18.05,72700.0,719710.0
1996-04-19,18.77,19.43,19.34,18.73,282300.0,2852081.0
1996-04-22,19.55,19.72,18.96,18.86,376000.0,3819943.0
1996-04-23,18.79,19.3,18.96,18.77,184400.0,1836788.0
1996-04-24,19.34,20.06,20.0,19.34,456600.0,4752148.0
1996-04-25,20.63,21.77,20.02,19.91,629100.0,6927654.0
1996-04-26,20.02,22.94,22.94,20.02,1501000.0,17452356.0
1996-04-29,24.27,25.41,24.17,23.15,903900.0,11592861.0
1996-04-30,24.27,24.27,21.8,20.04,671700.0,8216613.0
1996-05-02,23.13,23.7,20.38,19.91,478000.0,5401237.0
1996-05-03,20.1,20.55,20.29,19.3,301200.0,3210175.0
1996-05-06,20.1,20.67,20.48,19.7,146000.0,1572535.0
1996-05-07,20.84,20.86,20.38,20.1,146600.0,1583485.0
1996-05-08,20.38,20.48,20.29,19.91,81800.0,866988.0
1996-05-09,20.48,20.48,20.1,20.1,108300.0,1161427.0
1996-05-13,20.48,20.48,20.31,20.1,101500.0,1089092.0
1996-05-14,20.48,20.63,20.48,20.29,168200.0,1814317.0
1996-05-15,20.48,20.76,20.76,20.14,77700.0,839824.0
1996-05-16,20.76,21.23,20.67,20.57,135300.0,1492022.0
1996-05-17,20.67,22.13,21.8,20.38,214800.0,2383607.0
1996-05-20,22.18,22.47,21.37,21.23,238600.0,2760510.0
1996-05-21,20.86,21.23,20.59,20.57,300600.0,3287514.0
1996-05-22,20.21,20.48,20.29,20.1,91300.0,974578.0
1996-05-23,20.19,20.19,19.3,19.17,99500.0,1034667.0
1996-05-24,18.94,19.34,19.07,18.77,86100.0,863524.0
1996-05-27,18.96,18.96,18.62,18.03,51700.0,508589.0
1996-05-28,19.53,19.53,19.32,18.56,40700.0,410986.0
1996-05-29,20.1,20.1,19.6,19.34,66800.0,691490.0
1996-05-30,19.34,19.53,19.05,18.92,60700.0,614663.0
1996-05-31,19.0,19.62,19.24,18.62,59400.0,601149.0
1996-06-03,19.19,19.3,19.06,18.97,143100.0,1258639.0
1996-06-04,19.19,20.02,19.43,19.19,136100.0,1214458.0
1996-06-05,19.62,20.89,20.67,19.36,276900.0,2563453.0
1996-06-06,21.04,21.76,20.82,19.86,485300.0,4635852.0
1996-06-07,20.71,21.32,20.82,20.6,493100.0,4758538.0
1996-06-10,20.82,21.11,20.15,19.89,360600.0,3349820.0
1996-06-11,20.28,20.39,19.62,19.62,353600.0,3249482.0
1996-06-12,19.75,20.71,20.23,19.73,364100.0,3342160.0
1996-06-13,20.06,20.06,19.95,19.64,242200.0,2202642.0
1996-06-14,20.06,20.39,20.06,19.84,332100.0,3059285.0
1996-06-17,19.84,20.5,20.28,19.38,631700.0,5789493.0
1996-06-18,20.28,23.55,23.33,20.08,2198500.0,22276687.0
1996-06-19,23.77,26.38,24.75,23.77,3932700.0,45847827.0
1996-06-20,23.48,24.75,23.79,23.33,1369800.0,15194751.0
1996-06-21,23.98,24.75,24.42,23.55,1267300.0,14092299.0
1996-06-24,24.38,25.07,24.42,23.98,432600.0,4849005.0
1996-06-25,23.33,23.98,23.72,23.13,661200.0,7183033.0
1996-06-26,23.33,23.96,23.88,23.33,281600.0,3053994.0
1996-06-27,24.16,24.42,22.76,22.74,379200.0,4096906.0
1996-06-28,23.11,23.33,22.15,21.82,439500.0,4500457.0
1996-07-01,21.59,21.8,20.67,20.5,360100.0,3452141.0
1996-07-02,20.56,21.13,20.84,19.62,168600.0,1580410.0
1996-07-03,20.52,21.15,20.71,20.5,213500.0,2026250.0
1996-07-04,20.82,21.13,20.19,19.73,353200.0,3249801.0
1996-07-05,19.8,20.6,20.15,19.73,415300.0,3823710.0
1996-07-08,20.15,20.15,19.73,19.58,445200.0,4039000.0
1996-07-09,19.73,19.73,19.51,19.19,446100.0,3963480.0
1996-07-10,19.58,20.87,20.45,19.51,379400.0,3560908.0
1996-07-11,20.6,20.65,19.75,19.69,191700.0,1761996.0
1996-07-12,19.62,19.73,19.62,19.41,184900.0,1660815.0
1996-07-15,19.58,19.62,19.51,18.97,226400.0,2001901.0
1996-07-16,20.71,20.71,20.45,19.45,182500.0,1673801.0
1996-07-17,20.5,20.93,20.08,20.06,416200.0,3945442.0
1996-07-18,19.64,20.17,19.99,19.64,132400.0,1212063.0
1996-07-19,19.95,22.02,21.82,19.84,883400.0,8640474.0
1996-07-22,22.89,23.07,22.33,21.59,1077800.0,11082920.0
1996-07-23,22.46,22.63,21.59,21.15,384600.0,3830547.0
1996-07-24,21.54,22.11,21.8,21.54,357700.0,3563256.0
1996-07-25,22.02,22.17,20.76,20.41,269200.0,2659509.0
1996-07-26,20.76,21.56,20.71,20.67,302500.0,2918233.0
1996-07-29,20.5,21.15,21.15,20.5,198600.0,1886985.0
1996-07-30,21.15,21.32,20.47,20.28,161500.0,1543591.0
1996-07-31,20.39,20.5,20.06,20.02,120900.0,1123856.0
1996-08-01,20.17,21.39,20.67,19.77,198000.0,1864129.0
1996-08-02,20.82,21.04,20.36,20.12,118200.0,1111414.0
1996-08-05,20.36,20.71,20.54,20.25,69000.0,649069.0
1996-08-06,20.6,21.34,21.06,20.5,190300.0,1827452.0
1996-08-07,21.06,22.2,21.39,21.06,505000.0,5027934.0
1996-08-08,21.8,22.46,21.98,21.61,603600.0,6085352.0
1996-08-09,21.8,21.98,21.59,21.26,281100.0,2775884.0
1996-08-12,21.82,22.24,21.8,21.61,324800.0,3269180.0
1996-08-13,21.8,21.8,21.13,21.04,128400.0,1258052.0
1996-08-14,21.11,21.26,20.89,20.54,127500.0,1225000.0
1996-08-15,21.26,21.26,20.67,20.5,90100.0,862417.0
1996-08-16,20.45,20.71,20.5,20.06,164400.0,1534774.0
1996-08-19,20.28,20.28,19.84,19.84,118100.0,1085000.0
1996-08-20,20.06,20.28,19.89,19.73,96300.0,880793.0
1996-08-21,20.28,20.65,20.28,20.02,130400.0,1215812.0
1996-08-22,20.47,20.65,20.06,20.06,103300.0,958582.0
1996-08-23,20.06,20.25,19.6,19.23,159500.0,1432575.0
1996-08-26,19.54,19.54,17.84,17.53,138000.0,1161957.0
1996-08-27,17.81,17.81,17.62,17.36,233100.0,1876176.0
1996-08-28,17.66,18.53,18.1,17.66,108400.0,904615.0
1996-08-29,17.01,17.44,17.44,16.46,188500.0,1484463.0
1996-08-30,17.44,17.84,17.84,17.36,356800.0,2868214.0
1996-09-02,17.88,17.92,17.57,17.57,156300.0,1267484.0
1996-09-03,17.53,17.88,17.44,17.22,135200.0,1095000.0
1996-09-04,17.44,17.62,17.55,17.44,131000.0,1052167.0
1996-09-05,17.66,18.1,18.05,17.18,336400.0,2737739.0
1996-09-06,18.01,19.14,18.58,17.68,485000.0,4077481.0
1996-09-09,18.75,20.71,20.28,18.53,1548700.0,14054917.0
1996-09-10,19.88,22.35,21.32,19.62,4814300.0,47412672.0
1996-09-11,21.8,22.0,20.32,20.17,2001000.0,19415089.0
1996-09-12,20.71,22.57,21.37,20.69,2984400.0,29686337.0
1996-09-13,21.37,22.2,20.39,20.39,2429500.0,23933807.0
1996-09-16,20.5,21.59,20.04,19.64,1250200.0,11735277.0
1996-09-17,20.04,20.17,19.51,19.41,629200.0,5705308.0
1996-09-18,19.62,20.43,19.54,19.23,744000.0,6806575.0
1996-09-19,19.41,19.73,19.14,18.53,363000.0,3158294.0
1996-09-20,18.97,19.75,19.58,18.93,642200.0,5727262.0
1996-09-23,19.62,20.6,20.39,19.41,579800.0,5299620.0
1996-09-24,20.71,20.84,19.89,19.84,451500.0,4188395.0
1996-09-25,19.95,20.67,20.67,19.36,767200.0,7067380.0
1996-09-26,20.82,21.08,20.82,20.32,530900.0,5029863.0
1996-09-27,20.82,21.02,20.93,20.3,484900.0,4621684.0
1996-10-03,21.69,22.61,21.59,21.15,1211400.0,12216914.0
1996-10-04,21.76,21.8,20.93,20.93,439300.0,4274588.0
1996-10-07,21.37,21.37,20.71,20.39,313600.0,2991484.0
1996-10-08,20.89,21.39,21.17,20.28,812900.0,7799392.0
1996-10-09,21.59,21.59,20.6,20.39,272300.0,2612871.0
1996-10-10,20.67,21.26,21.11,20.67,226800.0,2188960.0
1996-10-11,21.15,21.37,20.6,20.39,263900.0,2503922.0
1996-10-14,20.71,21.76,21.65,20.71,528000.0,5131292.0
1996-10-15,21.82,22.46,22.02,21.34,776800.0,7829149.0
1996-10-16,22.26,22.46,21.54,20.93,556800.0,5600720.0
1996-10-17,21.48,21.69,21.52,21.08,415000.0,4060599.0
1996-10-18,21.59,21.59,20.98,20.98,466700.0,4556215.0
1996-10-21,20.98,21.13,20.76,20.39,222600.0,2120869.0
1996-10-22,20.6,22.46,22.35,20.41,703700.0,6994169.0
1996-10-23,22.57,23.33,23.11,22.5,1389600.0,14604020.0
1996-10-24,23.48,24.64,24.0,23.44,1286900.0,14112139.0
1996-10-25,26.38,27.58,26.75,25.51,3343200.0,41144012.0
1996-10-28,25.95,27.91,27.58,25.75,3753500.0,46711784.0
1996-10-29,27.93,27.93,25.84,25.73,2914000.0,35489452.0
1996-10-30,26.05,26.16,24.09,22.89,1322200.0,15053231.0
1996-10-31,24.2,25.84,25.03,24.03,3677400.0,42392068.0
1996-11-01,23.94,24.46,23.05,22.46,828200.0,8853713.0
1996-11-04,23.05,23.55,23.11,23.05,327600.0,3490625.0
1996-11-05,23.55,23.59,22.26,22.24,266600.0,2793369.0
1996-11-06,22.24,22.24,21.54,21.52,351700.0,3515783.0
1996-11-07,21.87,22.41,21.93,21.61,251500.0,2536472.0
1996-11-08,21.8,22.07,21.8,21.59,170800.0,1709371.0
1996-11-11,21.82,22.46,22.46,21.76,209400.0,2112977.0
1996-11-12,22.26,22.61,22.28,22.02,186900.0,1903637.0
1996-11-13,22.24,22.28,21.82,21.76,216000.0,2173263.0
1996-11-14,22.24,23.29,22.72,21.89,395200.0,4088297.0
1996-11-15,22.57,22.65,22.15,21.96,377200.0,3835364.0
1996-11-18,22.02,23.88,23.66,21.76,1265900.0,13520262.0
1996-11-19,24.14,25.86,23.98,23.11,1565000.0,17742478.0
1996-11-20,23.53,23.77,23.33,23.07,582500.0,6226068.0
1996-11-21,23.55,23.57,20.95,20.95,596100.0,6151180.0
1996-11-22,21.04,21.82,21.8,21.04,343800.0,3398201.0
1996-11-25,21.69,23.09,22.85,19.84,409900.0,4170694.0
1996-11-26,22.85,23.11,22.17,21.82,312400.0,3191813.0
1996-11-27,22.13,22.89,22.41,21.8,227200.0,2327011.0
1996-11-29,23.11,23.42,23.35,21.91,671500.0,7115243.0
1996-12-02,24.46,26.99,25.12,24.44,751700.0,8714922.0
1996-12-03,25.51,26.05,24.96,24.53,1619400.0,18921765.0
1996-12-04,24.42,25.07,25.07,24.03,913600.0,10312973.0
1996-12-05,25.9,26.16,25.84,25.1,1571400.0,18391460.0
1996-12-06,25.75,27.25,26.77,24.11,1994600.0,24083133.0
1996-12-09,27.65,27.91,27.32,26.71,3891900.0,48829158.0
1996-12-10,26.16,27.04,26.32,25.12,928200.0,11277159.0
1996-12-11,26.27,27.14,26.54,25.95,1266700.0,15412912.0
1996-12-12,26.6,26.99,24.42,22.89,807900.0,9405609.0
1996-12-13,24.03,24.75,22.22,22.07,1270600.0,13458842.0
1996-12-16,20.02,21.15,20.02,20.02,883300.0,8178671.0
1996-12-17,18.03,19.1,18.01,18.01,629900.0,5256723.0
1996-12-18,17.44,19.62,19.36,17.44,734400.0,6214701.0
1996-12-19,19.3,19.36,17.59,17.42,705500.0,5882750.0
1996-12-20,17.66,18.42,17.59,16.79,388200.0,3139992.0
1996-12-23,17.66,18.16,17.99,17.66,271700.0,2224740.0
1996-12-24,17.94,18.1,17.01,17.01,200300.0,1612673.0
1996-12-25,17.23,17.33,17.23,16.75,198000.0,1554394.0
1996-12-26,17.44,17.86,17.84,17.27,265500.0,2138268.0
1996-12-27,17.88,17.88,17.62,17.23,210800.0,1697853.0
1996-12-30,17.62,17.9,17.81,17.49,338300.0,2755887.0
1996-12-31,17.79,17.84,17.57,17.51,269300.0,2181945.0
1997-01-02,17.84,17.88,17.7,17.55,141600.0,1150700.0
1997-01-03,17.66,18.21,17.77,17.55,335700.0,2757815.0
1997-01-06,17.66,17.66,17.23,17.23,236000.0,1884775.0
1997-01-07,17.01,17.53,17.33,16.83,102900.0,818113.0
1997-01-08,17.44,17.44,17.36,17.12,101500.0,805100.0
1997-01-09,17.59,17.84,17.51,17.36,96200.0,772665.0
1997-01-10,17.44,17.66,17.62,17.44,178000.0,1431608.0
1997-01-13,17.77,17.88,17.77,17.62,209400.0,1702080.0
1997-01-14,17.77,17.94,17.59,17.51,228600.0,1849898.0
1997-01-15,17.46,17.62,17.62,17.46,101200.0,815466.0
1997-01-16,17.66,17.75,17.55,17.46,101300.0,818766.0
1997-01-17,17.51,17.62,17.55,17.46,140200.0,1127487.0
1997-01-20,17.57,17.62,17.62,17.49,152600.0,1229097.0
1997-01-21,17.62,17.99,17.62,17.55,211200.0,1716234.0
1997-01-22,17.66,17.92,17.73,17.59,150300.0,1220398.0
1997-01-23,17.66,17.79,17.44,17.44,169300.0,1374502.0
1997-01-24,17.66,18.47,18.4,17.66,436000.0,3605084.0
1997-01-27,18.53,19.36,18.75,18.47,761400.0,6581105.0
1997-01-28,18.95,18.97,18.36,18.27,168300.0,1424272.0
1997-01-29,18.32,18.82,18.51,18.32,240000.0,2041202.0
1997-01-30,18.38,18.75,18.75,18.1,1353700.0,11398672.0
1997-01-31,18.86,18.97,18.66,18.32,460800.0,3954367.0
1997-02-17,18.95,19.47,19.45,18.32,585500.0,5152000.0
1997-02-18,19.3,20.93,17.97,17.68,974500.0,8664000.0
1997-02-19,18.07,19.75,19.71,18.07,790800.0,6932000.0
1997-02-20,17.77,20.39,20.06,17.77,1725600.0,15385000.0
1997-02-21,20.5,21.5,21.41,20.28,2174800.0,20816000.0
1997-02-24,21.76,21.8,21.39,19.3,2093300.0,20334000.0
1997-02-25,21.52,22.52,21.78,21.37,1697900.0,16993000.0
1997-02-26,21.85,23.0,22.48,21.37,2160200.0,21951000.0
1997-02-27,22.57,22.89,22.46,22.11,2471400.0,25619000.0
1997-02-28,22.68,23.77,23.11,22.41,1932700.0,20455000.0
1997-03-03,23.44,25.07,24.68,23.11,2147800.0,24072810.0
1997-03-04,25.25,27.01,26.23,24.86,5235600.0,62079488.0
1997-03-05,26.23,26.23,25.44,25.1,1080400.0,12585625.0
1997-03-06,25.68,25.73,25.4,24.86,847900.0,9835226.0
1997-03-07,25.73,26.12,24.94,24.59,535000.0,6154218.0
1997-03-10,24.53,25.07,24.66,23.88,718200.0,7979393.0
1997-03-11,24.86,26.12,25.25,24.38,1789700.0,20698343.0
1997-03-12,25.51,25.51,24.7,24.33,609800.0,6889758.0
1997-03-13,24.64,24.86,24.2,24.0,440400.0,4919513.0
1997-03-14,23.98,23.98,23.9,23.11,510000.0,5532534.0
1997-03-17,23.98,23.98,23.55,23.13,630700.0,6814743.0
1997-03-18,23.55,23.55,23.29,23.07,692000.0,7390802.0
1997-03-19,23.55,24.75,24.0,23.42,995700.0,11112746.0
1997-03-20,24.05,24.29,23.18,23.11,375500.0,4082248.0
1997-03-21,23.18,24.09,24.07,23.18,393200.0,4280653.0
1997-03-24,24.44,25.07,23.81,23.66,1014600.0,11169797.0
1997-03-25,23.72,24.59,24.51,23.55,1112600.0,12263455.0
1997-03-26,24.59,24.81,23.98,23.7,635100.0,6988614.0
1997-03-27,24.2,24.2,23.7,23.55,921000.0,10030303.0
1997-03-28,23.59,23.94,23.33,23.33,994800.0,10783361.0
1997-03-31,23.77,25.07,24.96,23.77,1535500.0,17213976.0
1997-04-01,25.29,25.47,24.64,24.16,1125700.0,12653865.0
1997-04-02,25.07,25.07,24.2,24.09,736200.0,8219379.0
1997-04-03,24.16,24.59,23.72,23.72,625700.0,6909576.0
1997-04-04,24.16,25.51,25.14,24.16,2904500.0,33234121.0
1997-04-07,25.73,27.65,27.65,25.73,5280300.0,65089242.0
1997-04-08,28.08,28.13,26.12,25.1,2100200.0,25798603.0
1997-04-09,26.38,27.36,27.3,26.16,2403700.0,29506013.0
1997-04-10,27.28,27.3,26.27,26.01,1529700.0,18752686.0
1997-04-11,26.16,26.16,25.97,25.07,1339200.0,15764610.0
1997-04-14,26.34,27.91,27.36,26.23,3097500.0,38677407.0
1997-04-15,27.25,28.1,27.8,26.16,1419600.0,17737493.0
1997-04-16,28.02,29.22,28.41,27.47,2622800.0,34160368.0
1997-04-17,28.3,29.06,27.86,27.6,1640800.0,21288255.0
1997-04-21,28.74,29.39,28.23,27.93,1163600.0,15211688.0
1997-04-22,28.21,28.89,28.13,27.6,1160200.0,14989856.0
1997-04-23,28.13,28.23,27.95,27.65,1018400.0,13012973.0
1997-04-24,27.73,27.95,27.36,26.93,1218700.0,15280767.0
1997-04-25,27.36,27.69,26.6,26.6,1113100.0,13773552.0
1997-04-28,26.86,27.41,26.16,25.95,839400.0,10305360.0
1997-04-29,26.43,27.45,27.36,25.4,794300.0,9553840.0
1997-04-30,27.25,27.36,27.04,26.21,574500.0,7090798.0
1997-05-05,26.97,28.95,28.65,26.82,1527900.0,19155361.0
1997-05-06,28.67,28.71,27.69,27.49,1324100.0,16985578.0
1997-05-07,27.78,28.04,27.25,26.84,835400.0,10415999.0
1997-05-08,27.25,27.25,25.07,25.07,833000.0,10116041.0
1997-05-09,25.51,26.36,26.21,25.18,653600.0,7734705.0
1997-05-12,25.99,27.01,26.47,25.99,861700.0,10414922.0
1997-05-13,26.47,26.47,26.05,25.51,658800.0,7847933.0
1997-05-14,25.75,25.95,24.53,24.42,418600.0,4848336.0
1997-05-15,24.53,25.73,25.51,24.53,305000.0,3506531.0
1997-05-16,22.96,24.64,23.02,22.96,677400.0,7346607.0
1997-05-19,23.18,23.98,23.18,22.7,238000.0,2522806.0
1997-05-20,23.55,23.98,23.68,23.29,376500.0,4086306.0
1997-05-21,23.5,23.94,22.96,22.68,301700.0,3185108.0
1997-05-22,20.67,21.8,20.67,20.67,491600.0,4720009.0
1997-05-23,20.78,21.15,20.54,20.06,360200.0,3400947.0
1997-05-26,20.93,21.15,20.28,19.97,244100.0,2280921.0
1997-05-27,20.71,20.82,20.71,20.41,323000.0,3055440.0
1997-05-28,20.82,20.89,20.52,20.28,243100.0,2299036.0
1997-05-29,20.71,21.15,20.63,20.32,206400.0,1964323.0
1997-05-30,21.59,22.68,22.59,21.3,627100.0,6370389.0
1997-06-02,22.98,23.29,23.16,22.61,745400.0,7853330.0
1997-06-03,23.33,24.51,23.98,22.68,653400.0,6996195.0
1997-06-04,23.94,24.16,23.88,23.13,578800.0,6313522.0
1997-06-05,24.0,24.64,23.68,23.61,871000.0,9607561.0
1997-06-06,22.05,22.79,21.8,21.36,668400.0,5369506.0
1997-06-09,21.75,22.52,22.3,21.75,352400.0,2832704.0
1997-06-10,22.3,22.57,21.34,20.95,228000.0,1828541.0
1997-06-11,21.25,21.75,21.09,20.59,305700.0,2325044.0
1997-06-12,21.06,21.45,21.14,20.95,269800.0,2075569.0
1997-06-13,20.65,21.61,21.58,20.32,298900.0,2285300.0
1997-06-16,21.97,22.02,21.61,21.47,307200.0,2417530.0
1997-06-17,21.47,21.67,21.47,21.23,134600.0,1048188.0
1997-06-18,21.42,21.42,20.95,20.92,219500.0,1681898.0
1997-06-19,20.95,21.47,21.0,20.92,198600.0,1528845.0
1997-06-20,21.2,22.02,21.89,21.2,434500.0,3412516.0
1997-06-23,22.57,22.57,21.47,21.2,317400.0,2513026.0
1997-06-24,21.86,21.86,21.47,21.34,266800.0,2083842.0
1997-06-25,21.75,21.91,21.58,21.36,221500.0,1738113.0
1997-06-26,20.92,21.47,21.06,20.92,233400.0,1788210.0
1997-06-27,21.2,22.0,20.29,20.29,263900.0,1982103.0
1997-07-02,20.65,20.65,18.72,18.25,281500.0,1932299.0
1997-07-03,18.89,18.91,18.31,18.09,305600.0,2046983.0
1997-07-04,18.17,18.45,18.34,17.48,241700.0,1591949.0
1997-07-07,17.89,18.34,17.07,16.66,197500.0,1260532.0
1997-07-08,16.79,17.48,17.15,16.66,177400.0,1095862.0
1997-07-09,17.62,17.62,17.01,17.01,177800.0,1107492.0
1997-07-10,17.07,17.54,17.15,17.01,215100.0,1341914.0
1997-07-11,17.34,18.14,17.89,17.21,203700.0,1310895.0
1997-07-14,18.31,19.38,19.38,17.95,436500.0,2960103.0
1997-07-15,19.24,19.27,19.19,18.55,329300.0,2265199.0
1997-07-16,19.13,19.13,18.8,18.45,214000.0,1457359.0
1997-07-17,18.77,18.77,18.66,18.39,176100.0,1186752.0
1997-07-18,19.0,19.49,19.27,18.45,254500.0,1756005.0
1997-07-21,18.94,19.27,18.77,18.72,192300.0,1322456.0
1997-07-22,18.86,19.49,19.08,18.17,235500.0,1596607.0
1997-07-23,19.41,19.96,19.27,19.0,398600.0,2827482.0
1997-07-24,19.27,19.27,18.58,18.55,166700.0,1145020.0
1997-07-25,18.58,19.27,18.94,18.42,185700.0,1266910.0
1997-07-28,18.77,19.19,18.69,18.17,105800.0,720967.0
1997-07-29,18.86,19.05,18.77,18.36,161900.0,1107848.0
1997-07-30,19.0,19.9,19.74,19.0,403700.0,2856045.0
1997-07-31,19.82,19.96,19.96,19.55,381900.0,2744309.0
1997-08-01,19.96,20.79,20.65,19.85,583900.0,4331008.0
1997-08-04,20.79,21.36,20.87,20.4,558800.0,4247909.0
1997-08-05,20.87,20.92,20.26,20.1,285300.0,2122193.0
1997-08-06,20.34,20.37,19.49,19.41,215300.0,1557163.0
1997-08-07,19.41,20.37,20.23,19.16,241700.0,1725652.0
1997-08-08,20.32,20.7,20.23,20.1,233000.0,1726980.0
1997-08-11,20.65,20.65,20.1,20.04,265000.0,1952792.0
1997-08-12,20.23,20.23,19.38,19.35,275400.0,1978396.0
1997-08-13,19.24,19.79,19.38,19.22,177000.0,1249454.0
1997-08-14,19.55,19.99,19.99,19.3,155500.0,1108432.0
1997-08-15,20.04,20.1,19.44,19.24,124500.0,883879.0
1997-08-18,19.44,19.44,19.13,18.72,175400.0,1216049.0
1997-08-19,19.27,19.27,18.97,18.86,113200.0,782181.0
1997-08-20,18.97,19.27,19.22,18.75,74800.0,517835.0
1997-08-21,19.79,19.79,19.68,19.22,134500.0,948898.0
1997-08-22,19.55,19.66,19.49,19.0,112600.0,794015.0
1997-08-25,19.44,19.71,19.71,19.35,174600.0,1241402.0
1997-08-26,19.6,19.6,19.41,19.13,233000.0,1637651.0
1997-08-27,19.05,20.04,18.86,18.36,430500.0,2923350.0
1997-08-28,19.0,19.52,19.41,18.45,570500.0,3928436.0
1997-08-29,19.27,20.65,20.57,19.22,1155600.0,8474448.0
1997-09-01,20.62,21.34,20.62,20.59,824800.0,6249197.0
1997-09-02,20.87,20.87,20.18,19.85,449600.0,3291712.0
1997-09-03,20.15,20.92,20.73,19.99,476700.0,3550141.0
1997-09-04,20.92,21.67,21.39,20.65,992700.0,7653374.0
1997-09-05,21.34,21.34,21.06,20.89,420400.0,3220983.0
1997-09-08,21.34,22.3,21.97,21.2,1264900.0,10098142.0
1997-09-09,21.97,22.16,21.42,21.42,677200.0,5353409.0
1997-09-10,21.42,22.02,21.78,20.79,423800.0,3297206.0
1997-09-11,21.83,21.97,20.59,20.37,561100.0,4287067.0
1997-09-12,20.51,20.79,19.77,19.57,367400.0,2690123.0
1997-09-15,20.04,20.04,19.22,19.02,241300.0,1705516.0
1997-09-16,19.27,19.71,19.44,19.0,274700.0,1929685.0
1997-09-17,19.55,19.55,19.33,19.16,149300.0,1046793.0
1997-09-18,19.35,19.49,19.24,19.13,137000.0,958132.0
1997-09-19,19.24,19.96,19.96,19.24,161900.0,1143177.0
1997-09-22,19.46,19.68,18.2,18.06,190700.0,1297776.0
1997-09-23,18.11,18.31,17.07,17.01,171200.0,1101854.0
1997-09-24,17.62,18.17,17.95,17.34,202400.0,1305423.0
1997-09-25,18.22,18.45,18.03,17.89,250100.0,1650755.0
1997-09-26,18.2,18.2,18.06,17.65,115900.0,755544.0
1997-09-29,17.62,18.0,17.4,17.34,146000.0,932478.0
1997-09-30,17.07,17.62,17.51,17.07,80800.0,513011.0
1997-10-06,17.62,17.76,17.51,17.23,38300.0,244214.0
1997-10-07,17.76,18.03,18.0,17.56,59800.0,384390.0
1997-10-08,18.17,18.72,18.58,18.17,114000.0,767551.0
1997-10-09,18.58,18.8,18.45,18.11,149600.0,1007939.0
1997-10-10,18.31,18.97,18.69,18.22,94900.0,641920.0
1997-10-13,18.69,18.69,18.25,18.22,66000.0,443145.0
1997-10-14,18.17,18.17,18.06,17.78,73600.0,479481.0
1997-10-15,18.31,18.31,18.11,17.89,100300.0,658956.0
1997-10-16,18.45,18.61,18.53,18.2,155000.0,1035704.0
1997-10-17,18.53,18.89,18.75,18.28,251400.0,1696227.0
1997-10-20,19.02,19.21,18.97,18.42,215600.0,1482466.0
1997-10-21,18.91,18.91,18.58,18.42,162100.0,1091262.0
1997-10-22,18.47,18.66,18.34,18.28,229400.0,1532617.0
1997-10-23,18.17,18.77,18.31,18.11,193700.0,1300061.0
1997-10-24,18.25,18.47,18.06,18.0,189700.0,1251077.0
1997-10-27,18.31,19.3,19.13,17.95,318500.0,2183549.0
1997-10-28,19.22,19.3,18.17,18.17,202600.0,1368150.0
1997-10-29,17.87,18.31,18.17,17.87,128300.0,839900.0
1997-10-30,18.09,18.39,17.89,17.65,259200.0,1695693.0
1997-10-31,17.62,18.25,18.22,17.62,178300.0,1147928.0
1997-11-03,18.17,18.36,17.89,17.7,70900.0,463309.0
1997-11-04,17.92,18.25,17.98,17.84,95300.0,622138.0
1997-11-05,17.89,18.03,17.95,17.7,169800.0,1102536.0
1997-11-06,17.89,18.31,18.0,17.07,166500.0,1076928.0
1997-11-07,17.87,18.53,18.39,17.65,184200.0,1210087.0
1997-11-10,18.39,18.94,18.58,18.22,348700.0,2364383.0
1997-11-11,18.58,19.68,19.46,18.45,914800.0,6382583.0
1997-11-12,19.57,19.63,18.58,18.47,382800.0,2652247.0
1997-11-13,18.72,18.86,18.5,18.31,222800.0,1501206.0
1997-11-14,19.11,19.41,18.89,18.58,256100.0,1770836.0
1997-11-17,18.97,19.27,19.05,18.72,238900.0,1655181.0
1997-11-18,18.97,19.19,18.5,18.47,87200.0,592240.0
1997-11-19,18.31,18.55,18.17,18.03,139600.0,929792.0
1997-11-20,18.66,18.66,18.0,17.89,155700.0,1019314.0
1997-11-21,17.89,18.17,17.67,17.62,132100.0,853807.0
1997-11-24,17.62,17.67,17.26,17.21,122100.0,769439.0
1997-11-25,17.21,17.48,17.48,17.07,166500.0,1039585.0
1997-11-26,17.62,17.76,17.73,17.34,84100.0,537000.0
1997-11-27,17.67,17.87,17.45,17.43,156200.0,1002000.0
1997-11-28,17.34,18.66,18.39,17.21,437700.0,2877000.0
1997-12-01,18.39,18.39,18.11,18.03,140700.0,929298.0
1997-12-02,18.5,18.5,17.89,17.89,93300.0,612164.0
1997-12-03,17.89,18.39,17.78,17.78,78700.0,514717.0
1997-12-04,17.89,18.14,17.73,17.62,98900.0,640015.0
1997-12-05,17.89,18.09,17.76,17.76,134100.0,873654.0
1997-12-08,17.87,18.34,17.89,17.76,75600.0,492674.0
1997-12-09,17.84,18.11,17.76,17.76,92600.0,601785.0
1997-12-10,17.89,18.09,17.87,17.76,101500.0,660005.0
1997-12-11,17.89,18.03,17.81,17.65,92100.0,596315.0
1997-12-12,17.84,18.03,17.62,17.62,103700.0,671965.0
1997-12-15,17.62,17.87,17.62,17.48,136900.0,876157.0
1997-12-16,17.48,18.06,18.06,17.48,129400.0,829540.0
1997-12-17,17.95,17.95,17.43,17.43,121600.0,775519.0
1997-12-18,17.48,17.76,17.62,17.32,132200.0,842164.0
1997-12-19,17.76,18.8,18.45,17.76,749300.0,5044465.0
1997-12-22,18.39,19.27,18.75,18.22,479800.0,3280875.0
1997-12-23,18.58,18.75,18.45,18.11,225000.0,1493735.0
1997-12-24,18.58,18.58,18.2,18.03,184100.0,1213148.0
1997-12-25,18.45,18.69,18.58,17.98,180800.0,1210107.0
1997-12-26,18.66,18.69,18.34,18.28,285000.0,1906569.0
1997-12-29,18.39,19.0,18.36,18.17,285300.0,1919808.0
1997-12-30,18.17,18.61,18.11,18.06,145300.0,961783.0
1997-12-31,18.17,18.69,18.39,17.95,185400.0,1237718.0
1998-01-05,18.83,20.04,19.77,18.83,1476000.0,10533562.0
1998-01-06,19.77,20.43,20.26,19.49,819300.0,5919133.0
1998-01-07,20.21,20.4,20.1,19.77,601100.0,4372688.0
1998-01-08,20.18,21.2,20.79,20.18,851100.0,6433943.0
1998-01-09,20.79,21.34,20.45,20.1,1025200.0,7713293.0
1998-01-12,20.56,20.65,19.82,19.82,566700.0,4132354.0
1998-01-13,19.52,19.74,18.72,17.89,704200.0,4768911.0
1998-01-14,18.72,20.1,19.96,18.72,647200.0,4607625.0
1998-01-15,20.04,21.69,21.2,20.04,1673700.0,12865450.0
1998-01-16,20.65,21.34,20.89,20.59,565500.0,4304841.0
1998-01-19,20.92,21.45,21.06,20.81,540700.0,4151687.0
1998-01-20,20.79,21.06,20.32,20.1,352700.0,2628461.0
1998-01-21,20.59,21.03,20.34,20.12,298500.0,2224968.0
1998-01-22,20.26,20.56,20.23,20.12,202800.0,1492036.0
1998-01-23,20.29,20.81,20.51,20.29,183800.0,1367283.0
1998-02-09,20.81,21.89,21.47,20.81,535900.0,4178329.0
1998-02-10,19.55,23.62,22.66,19.55,2484200.0,20537480.0
1998-02-11,22.57,23.68,23.12,22.33,1484500.0,12487624.0
1998-02-12,23.12,23.34,22.82,22.71,833300.0,6965931.0
1998-02-13,22.85,23.4,23.18,22.63,604500.0,5024148.0
1998-02-16,23.62,24.23,24.2,23.21,1130800.0,9838342.0
1998-02-17,24.23,25.27,24.64,23.73,1195100.0,10682826.0
1998-02-18,24.64,24.72,24.5,24.23,442800.0,3928429.0
1998-02-19,24.53,25.0,23.62,23.62,709100.0,6315470.0
1998-02-20,23.62,23.92,23.29,23.07,758000.0,6470249.0
1998-02-23,23.07,23.54,23.15,22.52,467300.0,3873513.0
1998-02-24,22.63,23.65,22.96,22.57,217700.0,1836281.0
1998-02-25,22.96,23.4,22.99,22.63,236600.0,1974154.0
1998-02-26,22.85,24.09,23.26,22.71,227200.0,1914602.0
1998-02-27,23.62,24.75,24.67,23.15,780800.0,6844251.0
1998-03-02,24.78,26.15,24.72,24.45,1815000.0,16784614.0
1998-03-03,24.78,25.24,23.92,23.4,857700.0,7550209.0
1998-03-04,24.17,25.13,24.8,23.68,512100.0,4562831.0
1998-03-05,24.8,25.27,24.75,24.31,394800.0,3558399.0
1998-03-06,24.78,24.94,23.95,23.68,616100.0,5388845.0
1998-03-09,23.87,23.95,22.99,22.85,641600.0,5407415.0
1998-03-10,22.85,23.23,22.85,22.6,561200.0,4657949.0
1998-03-11,21.11,24.2,23.95,21.11,2426000.0,20332036.0
1998-03-12,23.81,24.39,22.9,22.88,1632000.0,14192756.0
1998-03-13,22.9,23.1,21.83,21.69,1290900.0,10416457.0
1998-03-16,21.47,21.75,21.25,20.87,738500.0,5677564.0
1998-03-17,22.0,22.49,22.44,21.39,504600.0,4026370.0
1998-03-18,22.3,22.41,21.94,21.69,302000.0,2411153.0
1998-03-19,21.75,22.88,22.82,21.53,512400.0,4175646.0
1998-03-20,22.85,22.99,22.57,22.3,235300.0,1924281.0
1998-03-23,22.57,22.74,22.24,22.19,167800.0,1367742.0
1998-03-24,22.02,23.07,22.46,22.02,302100.0,2469612.0
1998-03-25,22.85,23.07,21.8,21.47,646900.0,5158199.0
1998-03-26,21.75,22.44,22.11,21.61,365500.0,2933260.0
1998-03-27,22.11,24.31,24.31,22.11,2869600.0,25020092.0
1998-03-30,24.78,26.1,25.19,24.23,2854300.0,26249799.0
1998-03-31,25.05,25.74,25.55,24.36,1412600.0,12924327.0
1998-04-01,25.33,27.8,27.8,25.05,2858800.0,27892585.0
1998-04-02,27.75,28.63,26.62,26.29,4300500.0,43054838.0
1998-04-03,26.29,27.5,27.39,26.15,1833100.0,17927049.0
1998-04-06,27.47,28.02,27.01,26.46,2881800.0,28428160.0
1998-04-07,26.98,26.98,26.04,25.63,1788600.0,17012346.0
1998-04-08,26.02,28.3,27.39,25.88,2778000.0,27876726.0
1998-04-09,27.25,27.83,25.41,25.0,2642400.0,25066439.0
1998-04-10,25.27,25.27,24.89,23.95,1516600.0,13524314.0
1998-04-13,24.72,24.72,23.92,23.62,1041300.0,9066070.0
1998-04-14,23.92,24.45,24.09,23.43,617100.0,5400414.0
1998-04-15,24.09,25.99,25.6,24.09,1039000.0,9566050.0
1998-04-16,25.57,25.63,24.67,24.5,672300.0,6094841.0
1998-04-20,24.23,25.19,24.23,23.48,556400.0,4925055.0
1998-04-21,24.09,25.05,24.97,24.09,494700.0,4440862.0
1998-04-22,25.22,26.43,25.77,25.08,906000.0,8507617.0
1998-04-23,25.74,25.82,24.8,24.5,621700.0,5641084.0
1998-04-24,24.8,26.1,25.05,24.78,842200.0,7780991.0
1998-04-27,25.19,25.27,24.14,24.14,520500.0,4634063.0
1998-04-28,24.23,24.61,24.09,23.57,690100.0,5998661.0
1998-04-29,23.7,24.23,23.7,23.54,578800.0,5012817.0
1998-04-30,23.73,24.31,24.2,23.73,382600.0,3353060.0
1998-05-04,24.2,25.0,23.95,23.62,420200.0,3648859.0
1998-05-05,23.81,24.23,24.23,23.34,603200.0,5150848.0
1998-05-06,24.23,24.34,23.79,23.54,325900.0,2821352.0
1998-05-07,23.89,24.89,23.76,23.62,802200.0,7108011.0
1998-05-08,23.81,25.0,24.89,23.68,865900.0,7690739.0
1998-05-11,25.05,26.98,26.15,25.02,2510600.0,23984037.0
1998-05-12,26.37,27.03,25.68,25.33,1376800.0,13174585.0
1998-05-13,25.82,28.05,28.05,25.8,3395000.0,33498332.0
1998-05-14,28.63,29.73,27.12,26.98,4724000.0,48883838.0
1998-05-15,27.2,27.47,26.57,26.18,2240500.0,21753382.0
1998-05-18,27.28,27.91,26.92,26.43,1353100.0,13304845.0
1998-05-19,27.31,27.8,27.2,26.46,705700.0,6958582.0
1998-05-20,27.2,27.45,26.84,26.7,650700.0,6401576.0
1998-05-21,26.92,28.63,28.22,26.79,2577500.0,26093265.0
1998-05-22,28.36,29.46,27.83,27.67,2567100.0,26643131.0
1998-05-25,27.83,28.88,28.85,27.67,1867100.0,19236071.0
1998-05-26,29.13,29.54,29.13,28.52,1705800.0,18036778.0
1998-05-27,29.59,30.78,30.14,29.32,2159800.0,23621912.0
1998-05-28,30.28,30.28,28.63,28.49,1117100.0,11864740.0
1998-05-29,28.91,29.46,28.49,28.27,1283700.0,13405446.0
1998-06-01,28.63,28.82,27.8,27.5,1022200.0,10355539.0
1998-06-02,27.8,28.49,28.44,27.75,566100.0,5767500.0
1998-06-03,28.63,30.23,29.46,28.46,1536300.0,16512532.0
1998-06-04,29.46,30.03,29.13,28.91,1095400.0,11760210.0
1998-06-05,29.13,29.32,28.11,27.86,827100.0,8528361.0
1998-06-08,28.02,28.71,28.08,27.64,506400.0,5160155.0
1998-06-09,27.94,28.08,25.77,25.6,772800.0,7521715.0
1998-06-10,25.33,26.15,25.77,25.19,378000.0,3495439.0
1998-06-11,25.49,25.8,25.8,25.16,421900.0,3878172.0
1998-06-12,26.15,26.43,26.15,25.6,750800.0,7078588.0
1998-06-15,26.46,26.46,25.05,25.02,372000.0,3433452.0
1998-06-16,25.08,25.13,24.45,23.68,519100.0,4640209.0
1998-06-17,24.5,26.02,25.6,24.5,394100.0,3624085.0
1998-06-18,25.6,26.02,25.52,25.46,262400.0,2451371.0
1998-06-19,25.63,26.15,25.99,25.63,496000.0,4672373.0
1998-06-22,26.02,26.15,26.02,25.41,512600.0,4809018.0
1998-06-23,26.02,28.0,27.75,25.71,1056700.0,10494606.0
1998-06-24,27.94,30.53,30.23,27.75,4467900.0,48264895.0
1998-06-25,30.14,30.14,28.91,28.91,1881900.0,20160321.0
1998-06-26,28.85,29.95,29.18,28.77,1305700.0,14040592.0
1998-06-29,29.18,29.46,28.3,28.22,848900.0,8883670.0
1998-06-30,28.41,29.18,28.49,27.8,514000.0,5336063.0
1998-07-01,28.93,29.4,28.63,28.49,868700.0,9137364.0
1998-07-02,28.63,29.1,27.97,27.56,703800.0,7196687.0
1998-07-03,27.94,28.77,28.16,27.94,290500.0,2991518.0
1998-07-06,28.36,28.52,28.08,27.56,239200.0,2444281.0
1998-07-07,27.67,28.22,28.22,27.47,188300.0,1902531.0
1998-07-08,28.36,28.77,28.6,28.0,241100.0,2492899.0
1998-07-09,28.6,28.69,27.72,27.53,325700.0,3310851.0
1998-07-10,27.89,29.18,29.04,27.89,694100.0,7240565.0
1998-07-13,29.13,30.36,29.59,28.96,1492700.0,16103078.0
1998-07-14,29.79,29.87,28.08,27.83,629400.0,6636762.0
1998-07-15,28.08,28.77,28.02,27.97,529900.0,5467791.0
1998-07-16,28.36,30.14,30.01,28.22,1881800.0,20192097.0
1998-07-17,30.14,31.25,29.46,29.18,2559000.0,28217286.0
1998-07-20,29.46,31.05,31.05,28.91,1523100.0,16657274.0
1998-07-21,31.03,31.52,30.97,30.56,1492600.0,16832860.0
1998-07-22,30.89,31.25,29.35,29.18,1682600.0,18354444.0
1998-07-23,29.18,29.84,29.4,28.91,914600.0,9738065.0
1998-07-24,29.4,29.76,29.48,28.88,679100.0,7205563.0
1998-07-27,29.48,30.12,29.73,29.13,551200.0,5945531.0
1998-07-28,29.59,29.98,29.79,29.4,268100.0,2894903.0
1998-07-29,29.73,31.08,30.42,29.48,1865600.0,20736690.0
1998-07-30,30.28,30.91,30.86,29.87,638300.0,7063144.0
1998-07-31,30.56,31.52,31.38,30.28,2433700.0,27488600.0
1998-08-03,31.27,31.69,31.27,30.78,1349500.0,15321949.0
1998-08-04,30.97,31.33,30.06,30.01,846400.0,9431886.0
1998-08-05,30.01,31.66,31.38,30.01,705800.0,7895511.0
1998-08-06,31.33,31.44,30.56,30.56,751700.0,8464096.0
1998-08-07,30.59,31.36,29.18,29.18,671300.0,7382713.0
1998-08-10,29.18,29.46,28.8,27.78,708200.0,7423062.0
1998-08-11,28.66,29.37,28.36,27.94,381800.0,3958535.0
1998-08-12,28.22,28.57,27.8,26.7,521400.0,5259064.0
1998-08-13,28.22,28.57,28.36,27.53,421100.0,4287847.0
1998-08-14,28.22,29.4,27.25,27.25,908200.0,9307426.0
1998-08-17,26.7,26.7,24.53,24.53,683400.0,6227304.0
1998-08-18,23.81,25.24,24.23,22.79,586300.0,5115070.0
1998-08-19,24.47,25.46,24.78,23.68,1042100.0,9440109.0
1998-08-20,25.05,25.05,24.78,24.31,412700.0,3700658.0
1998-08-21,25.05,25.19,25.05,24.47,431300.0,3883026.0
1998-08-24,25.3,26.02,25.0,24.78,601300.0,5521933.0
1998-08-25,25.0,25.55,25.46,24.78,547400.0,5000841.0
1998-08-26,25.52,25.8,25.27,25.19,209300.0,1935459.0
1998-08-27,24.83,25.33,25.19,24.8,173000.0,1575747.0
1998-08-28,25.33,25.33,23.95,23.95,310900.0,2769852.0
1998-08-31,23.68,23.95,23.95,22.57,430500.0,3615426.0
1998-09-01,23.95,23.95,23.02,23.02,281500.0,2392324.0
1998-09-02,22.79,23.79,23.4,22.08,260100.0,2203994.0
1998-09-03,23.4,24.8,24.53,23.4,372200.0,3298320.0
1998-09-04,24.72,25.05,24.91,24.56,228400.0,2058228.0
1998-09-07,25.05,25.16,24.89,24.47,228400.0,2060283.0
1998-09-08,24.72,24.94,24.23,24.2,289800.0,2600325.0
1998-09-09,24.23,25.05,25.05,23.95,671300.0,6010263.0
1998-09-10,25.05,25.6,25.3,24.91,691100.0,6337188.0
1998-09-11,25.33,25.74,25.35,25.11,574500.0,5296754.0
1998-09-14,25.33,26.7,26.26,25.19,670100.0,6353798.0
1998-09-15,26.84,27.64,26.15,26.04,1452800.0,14208539.0
1998-09-16,26.21,27.25,27.25,25.91,1016500.0,9840459.0
1998-09-17,28.08,28.22,26.57,26.29,1023300.0,10147537.0
1998-09-18,26.48,26.48,25.27,24.91,552500.0,5179526.0
1998-09-21,24.78,26.92,26.87,24.5,626500.0,5986455.0
1998-09-22,27.14,27.97,26.79,26.59,905200.0,8998229.0
1998-09-23,26.7,27.39,26.59,26.43,364400.0,3539928.0
1998-09-24,26.59,27.25,26.65,26.46,422700.0,4116307.0
1998-09-25,26.57,27.47,26.57,26.43,756900.0,7383824.0
1998-09-28,27.2,27.86,27.36,26.87,823600.0,8254594.0
1998-09-29,27.47,27.75,27.12,26.87,239400.0,2365670.0
1998-09-30,27.5,27.5,27.34,27.01,262300.0,2599935.0
1998-10-05,27.42,27.47,26.73,26.7,243400.0,2393780.0
1998-10-06,26.7,27.03,26.02,26.02,424600.0,4058606.0
1998-10-07,26.02,26.84,26.59,25.63,273700.0,2634747.0
1998-10-08,26.65,27.31,26.98,26.32,276200.0,2702276.0
1998-10-09,27.12,28.8,28.57,27.12,1397400.0,14319039.0
1998-10-12,29.13,29.46,29.26,28.52,1214700.0,12825191.0
1998-10-13,29.4,29.43,28.41,28.22,768000.0,7987952.0
1998-10-14,28.41,28.82,28.19,27.94,381800.0,3910537.0
1998-10-15,28.36,29.35,28.71,28.14,557900.0,5861078.0
1998-10-16,28.71,29.04,28.22,28.19,340600.0,3526260.0
1998-10-19,28.08,29.4,28.85,28.08,897000.0,9427136.0
1998-10-20,28.96,30.78,30.42,28.91,1475200.0,16130593.0
1998-10-21,30.42,31.38,29.73,29.73,3345600.0,37310758.0
1998-10-22,29.46,30.23,29.59,28.91,1194200.0,12830782.0
1998-10-23,29.73,30.23,29.13,29.13,803400.0,8675813.0
1998-10-26,29.13,31.22,29.76,29.13,804600.0,8826232.0
1998-10-27,29.95,31.55,31.38,29.95,1620600.0,18310163.0
1998-10-28,31.66,32.13,31.25,31.05,742600.0,8515407.0
1998-10-29,31.52,31.52,31.16,30.56,412700.0,4642078.0
1998-10-30,31.33,31.6,30.72,30.59,342700.0,3853126.0
1998-11-02,30.83,31.16,31.11,30.56,392800.0,4387174.0
1998-11-03,31.11,31.11,29.9,29.73,566500.0,6230586.0
1998-11-04,29.73,30.2,29.48,29.46,652800.0,7079927.0
1998-11-05,29.73,29.81,29.26,28.77,735800.0,7800788.0
1998-11-06,29.37,30.09,29.29,29.18,452800.0,4861630.0
1998-11-09,29.29,29.57,28.74,28.63,625200.0,6568751.0
1998-11-10,28.74,30.56,29.46,28.74,864500.0,9259497.0
1998-11-11,29.59,29.68,29.46,29.18,296800.0,3171935.0
1998-11-12,29.46,29.7,29.29,28.91,341000.0,3628296.0
1998-11-13,28.96,29.29,28.36,28.25,590100.0,6103923.0
1998-11-16,28.33,28.99,28.02,27.8,392200.0,4007332.0
1998-11-17,28.08,28.49,28.33,28.0,307900.0,3145045.0
1998-11-18,28.33,28.49,27.69,27.45,548700.0,5536614.0
1998-11-19,27.69,27.97,26.98,26.92,493100.0,4853360.0
1998-11-20,26.98,27.12,26.59,26.43,486500.0,4715609.0
1998-11-23,27.01,27.5,27.2,26.57,283700.0,2790702.0
1998-11-24,27.25,27.39,26.7,26.37,356000.0,3458719.0
1998-11-25,26.98,27.36,27.31,26.84,241900.0,2384496.0
1998-11-26,27.25,27.39,26.81,26.7,172500.0,1693000.0
1998-11-27,26.43,27.12,26.7,26.43,141200.0,1367000.0
1998-11-30,26.98,26.98,26.32,26.15,221000.0,2126000.0
1998-12-01,26.43,26.57,25.8,25.74,148000.0,1397992.0
1998-12-02,25.63,25.82,25.46,24.78,310300.0,2826952.0
1998-12-03,25.33,25.46,25.05,24.83,199100.0,1811567.0
1998-12-04,25.0,25.0,24.47,24.36,195700.0,1743873.0
1998-12-07,24.8,25.22,24.56,24.42,201500.0,1795936.0
1998-12-08,24.5,24.75,24.75,24.36,194700.0,1735597.0
1998-12-09,24.78,24.78,24.78,24.5,107100.0,956698.0
1998-12-10,24.75,24.75,24.03,22.85,126100.0,1104838.0
1998-12-11,24.03,24.34,24.34,23.43,133200.0,1147799.0
1998-12-14,24.36,24.36,23.51,23.51,83400.0,723445.0
1998-12-15,23.4,23.4,22.57,22.52,270700.0,2247192.0
1998-12-16,22.88,23.89,23.54,22.85,148700.0,1261415.0
1998-12-17,22.99,23.4,22.79,22.79,128100.0,1067422.0
1998-12-18,22.57,23.32,22.79,22.52,116200.0,960698.0
1998-12-21,22.74,23.04,23.04,22.6,92000.0,765128.0
1998-12-22,22.88,23.81,23.81,22.88,105100.0,899930.0
1998-12-23,23.54,23.68,23.48,23.4,34200.0,292390.0
1998-12-24,23.54,23.98,23.89,23.43,52100.0,451002.0
1998-12-25,23.92,24.28,23.98,23.89,73200.0,640472.0
1998-12-28,24.09,24.09,23.37,23.26,71100.0,610682.0
1998-12-29,23.07,23.21,22.71,22.55,99900.0,826206.0
1998-12-30,22.77,23.04,22.85,22.57,61100.0,505878.0
1998-12-31,22.99,23.4,22.85,22.6,54700.0,455329.0
1999-01-04,22.57,23.01,22.52,22.33,57600.0,472641.0
1999-01-05,22.16,22.9,22.63,22.16,57500.0,468816.0
1999-01-06,23.15,23.18,23.07,22.79,46500.0,388892.0
1999-01-07,23.18,23.57,23.26,22.99,65800.0,558190.0
1999-01-08,23.34,25.05,24.78,23.34,485800.0,4334357.0
1999-01-11,24.78,25.05,24.83,24.39,215200.0,1929428.0
1999-01-12,24.5,24.56,23.73,23.7,166300.0,1454561.0
1999-01-13,23.4,23.4,21.83,21.67,560700.0,4565041.0
1999-01-14,21.67,22.44,22.11,21.39,173300.0,1382428.0
1999-01-15,22.02,22.24,20.79,20.45,310500.0,2377875.0
1999-01-18,20.92,21.42,20.79,20.65,191300.0,1448524.0
1999-01-19,20.92,21.47,21.39,20.79,91400.0,703079.0
1999-01-20,21.47,21.69,21.09,21.06,82300.0,638016.0
1999-01-21,20.92,21.75,21.75,20.92,91000.0,704226.0
1999-01-22,21.89,22.24,21.61,21.25,84300.0,661202.0
1999-01-25,21.5,21.5,21.03,20.87,99800.0,765323.0
1999-01-26,21.03,21.2,21.03,20.87,60600.0,462893.0
1999-01-27,21.03,21.8,21.78,20.92,127500.0,986094.0
1999-01-28,22.02,22.08,21.53,21.25,104100.0,820170.0
1999-01-29,21.47,22.35,21.67,21.47,153300.0,1220781.0
1999-02-01,21.53,21.66,20.84,20.12,106700.0,820032.0
1999-02-02,20.79,21.36,21.2,20.65,62100.0,469975.0
1999-02-03,20.95,21.2,20.81,19.27,59500.0,449078.0
1999-02-04,20.84,20.84,20.51,20.37,93100.0,697231.0
1999-02-05,20.15,20.43,19.96,19.77,104500.0,760880.0
1999-02-08,19.96,20.26,19.57,19.55,81400.0,584387.0
1999-02-09,20.34,20.37,19.96,19.77,66900.0,486857.0
1999-03-01,20.04,20.43,20.34,19.52,106500.0,780502.0
1999-03-02,20.15,21.42,21.39,20.1,236800.0,1804625.0
1999-03-03,21.47,22.68,21.94,21.36,298400.0,2380252.0
1999-03-04,22.05,22.05,21.78,21.47,165600.0,1309071.0
1999-03-05,21.78,22.49,22.11,21.78,180400.0,1445403.0
1999-03-08,22.08,23.29,23.12,22.08,302400.0,2488975.0
1999-03-09,23.12,23.23,22.46,22.38,216800.0,1789993.0
1999-03-10,22.3,22.71,22.52,22.3,208800.0,1709294.0
1999-03-11,22.52,23.12,22.99,22.35,279300.0,2322143.0
1999-03-12,22.99,24.09,23.95,22.85,573500.0,4937069.0
1999-03-15,23.95,24.91,24.09,23.95,657400.0,5835752.0
1999-03-16,24.23,24.23,24.17,23.45,249900.0,2155116.0
1999-03-17,24.09,24.09,23.29,23.15,246400.0,2119725.0
1999-03-18,23.18,23.68,23.04,22.96,173300.0,1464508.0
1999-03-19,23.12,23.54,23.54,23.12,170500.0,1443601.0
1999-03-22,22.02,23.26,23.12,22.02,741700.0,6121080.0
1999-03-23,22.3,22.85,22.63,22.3,174300.0,1430847.0
1999-03-24,22.71,23.37,23.26,22.71,214800.0,1806307.0
1999-03-25,23.4,23.4,22.74,22.74,118400.0,986567.0
1999-03-26,22.74,23.26,23.21,22.74,99200.0,829826.0
1999-03-29,23.07,23.81,23.62,22.77,303100.0,2581697.0
1999-03-30,23.7,23.87,23.45,23.4,208400.0,1789067.0
1999-03-31,23.26,24.5,24.31,23.26,397300.0,3459541.0
1999-04-01,24.2,25.27,25.27,23.89,913800.0,8219746.0
1999-04-02,25.27,25.63,25.27,24.78,906600.0,8347244.0
1999-04-05,25.05,25.6,25.05,25.02,391500.0,3584635.0
1999-04-06,25.05,26.04,25.99,24.91,372300.0,3425024.0
1999-04-07,23.68,26.57,25.74,23.68,568400.0,5254992.0
1999-04-08,25.44,25.71,25.19,25.0,415300.0,3806321.0
1999-04-09,25.05,27.64,26.7,25.05,1853200.0,18081483.0
1999-04-12,26.98,27.25,26.87,26.29,980500.0,9613169.0
1999-04-13,26.87,26.87,25.46,25.22,627500.0,5880016.0
1999-04-14,25.46,25.74,24.69,24.5,679400.0,6131225.0
1999-04-15,24.78,24.94,24.2,24.14,352300.0,3119476.0
1999-04-16,24.14,24.75,23.4,23.4,347500.0,3028248.0
1999-04-19,23.43,23.89,23.57,22.52,299600.0,2544295.0
1999-04-20,23.81,25.19,24.47,23.57,606800.0,5426390.0
1999-04-21,24.17,24.47,22.96,22.85,400000.0,3386816.0
1999-04-22,22.57,23.26,23.07,22.44,235800.0,1953114.0
1999-04-23,23.1,23.26,22.79,22.46,250900.0,2070164.0
1999-04-26,22.79,22.79,21.47,21.47,279500.0,2215068.0
1999-04-27,21.47,21.69,21.17,20.98,187800.0,1451982.0
1999-04-28,21.28,22.02,21.2,21.2,107700.0,842899.0
1999-04-29,21.28,21.97,21.94,21.28,101500.0,797375.0
1999-04-30,21.97,22.02,22.02,21.5,107700.0,853687.0
1999-05-04,22.08,23.89,23.89,21.89,165600.0,1333722.0
1999-05-05,22.85,23.12,23.12,22.57,252400.0,2103293.0
1999-05-06,23.12,23.15,22.77,22.44,142000.0,1168055.0
1999-05-07,22.71,22.99,22.68,22.52,81900.0,671720.0
1999-05-10,22.16,22.16,21.34,21.23,147000.0,1165250.0
1999-05-11,21.72,21.91,21.78,21.47,93800.0,739171.0
1999-05-12,21.8,21.8,21.55,21.28,107100.0,835513.0
1999-05-13,21.61,21.72,21.36,21.28,79100.0,616349.0
1999-05-14,20.95,21.47,20.65,20.45,93300.0,711854.0
1999-05-17,20.65,21.53,21.09,20.65,81700.0,628113.0
1999-05-18,21.2,21.36,20.56,20.56,75100.0,571680.0
1999-05-19,20.51,21.47,21.42,20.43,149500.0,1151265.0
1999-05-20,21.53,23.07,22.82,21.53,468400.0,3841146.0
1999-05-24,23.23,23.81,23.4,22.3,734400.0,6154086.0
1999-05-25,23.43,23.45,22.52,22.33,596100.0,4982903.0
1999-05-26,22.57,23.26,23.26,22.52,413200.0,3433759.0
1999-05-27,23.26,24.47,24.36,22.93,1081400.0,9266380.0
1999-05-28,24.36,24.5,23.12,22.99,513600.0,4352584.0
1999-05-31,23.1,23.1,22.52,22.02,616700.0,5069972.0
1999-06-01,21.5,23.68,23.1,21.5,543100.0,4534729.0
1999-06-02,23.15,23.95,22.99,22.71,1069500.0,9041647.0
1999-06-03,22.85,25.3,24.09,22.71,2593600.0,22852179.0
1999-06-04,24.09,26.37,26.1,23.68,2673000.0,24565465.0
1999-06-07,26.43,27.2,26.84,25.55,2153700.0,20584432.0
1999-06-08,27.2,29.48,28.63,26.37,3581800.0,36460567.0
1999-06-09,28.63,29.43,28.02,27.8,2609900.0,27138690.0
1999-06-10,28.36,28.74,28.05,27.53,1641900.0,16822843.0
1999-06-11,28.05,28.63,27.28,26.98,1128200.0,11379013.0
1999-06-14,27.28,28.36,27.83,27.2,1241100.0,12502588.0
1999-06-15,28.22,30.56,26.92,26.43,2094500.0,21896953.0
1999-06-16,26.98,28.88,28.36,26.98,1200500.0,12170004.0
1999-06-17,28.6,28.82,27.2,26.98,1837800.0,18352864.0
1999-06-18,27.01,27.17,26.43,25.0,1885000.0,17968760.0
1999-06-21,25.88,27.8,27.56,25.6,1379600.0,13304987.0
1999-06-22,27.8,30.17,28.96,27.47,2816100.0,29606760.0
1999-06-23,29.37,29.95,29.35,28.36,1977600.0,20885935.0
1999-06-24,29.35,31.27,30.59,29.21,3403500.0,37778794.0
1999-06-25,30.83,31.11,27.53,27.53,2327700.0,24891885.0
1999-06-28,27.8,28.44,28.16,26.76,2173900.0,21831025.0
1999-06-29,28.36,30.01,28.77,27.53,2103500.0,22131010.0
1999-06-30,29.18,29.32,27.58,26.98,1684300.0,17158793.0
1999-07-01,27.58,28.08,25.22,24.83,990700.0,9604946.0
1999-07-02,26.35,26.98,26.98,25.46,730100.0,6925495.0
1999-07-05,27.09,28.08,27.01,26.98,576100.0,5755722.0
1999-07-06,27.12,27.25,25.71,25.6,301200.0,2885470.0
1999-07-07,26.98,26.98,26.26,25.6,282000.0,2674050.0
1999-07-08,26.7,26.95,26.43,25.88,356200.0,3422569.0
1999-07-09,26.57,29.07,29.07,26.57,1399400.0,14413186.0
1999-07-12,30.34,31.93,29.95,29.18,2995000.0,33479360.0
1999-07-13,29.73,29.73,28.49,28.38,819500.0,8612456.0
1999-07-14,28.49,30.23,29.68,28.49,826800.0,8880542.0
1999-07-15,30.5,31.0,29.13,28.99,845200.0,9268757.0
1999-07-16,29.29,29.73,27.56,27.47,912400.0,9288483.0
1999-07-19,27.39,27.8,27.03,26.73,289333.0,2859375.0
1999-07-20,26.84,28.36,28.11,26.15,509200.0,5050526.0
1999-07-21,28.36,29.68,28.49,28.08,777700.0,8149512.0
1999-07-22,28.49,29.46,27.25,27.25,679000.0,7027814.0
1999-07-23,27.28,28.08,27.86,27.12,426300.0,4272673.0
1999-07-26,27.8,28.3,28.3,27.42,344500.0,3473451.0
1999-07-27,28.49,30.28,29.32,28.22,1135200.0,12128809.0
1999-07-28,29.87,32.21,32.07,29.87,5238500.0,60218450.0
1999-07-29,32.07,35.24,32.76,31.25,5584100.0,67523179.0
1999-07-30,33.03,35.79,35.02,32.37,4114000.0,51574006.0
1999-08-02,36.12,37.41,35.79,34.96,4293700.0,56422727.0
1999-08-03,36.01,36.56,36.34,34.38,2719000.0,35010746.0
1999-08-04,36.37,36.75,35.24,34.96,1693800.0,21874457.0
1999-08-05,35.24,38.76,38.4,34.63,3602000.0,48142681.0
1999-08-06,38.54,39.04,37.25,35.79,2836800.0,38740032.0
1999-08-09,37.6,40.14,37.83,37.47,1806200.0,25381650.0
1999-08-10,37.19,37.58,35.65,35.38,1340400.0,17666754.0
1999-08-11,35.62,36.61,35.24,34.63,938700.0,12100102.0
1999-08-12,35.27,35.79,34.72,34.47,435400.0,5558793.0
1999-08-13,34.96,35.24,33.81,33.34,659700.0,8199058.0
1999-08-16,34.33,35.29,35.1,33.03,508300.0,6383684.0
1999-08-17,35.51,37.03,35.02,34.96,824400.0,10751238.0
1999-08-18,35.27,37.99,37.85,34.99,1235800.0,16370486.0
1999-08-19,38.54,39.51,37.74,37.72,2999600.0,41935920.0
1999-08-20,37.99,39.01,37.85,37.19,1493400.0,20726084.0
1999-08-23,38.82,40.88,40.74,37.99,2040200.0,29259807.0
1999-08-24,40.74,41.02,38.13,38.07,1590500.0,22713297.0
1999-08-25,38.13,38.13,37.33,37.03,1060600.0,14433827.0
1999-08-26,37.16,38.93,38.35,36.97,785400.0,10880072.0
1999-08-27,38.49,38.76,36.97,36.75,959900.0,13003064.0
1999-08-30,38.68,38.68,36.42,36.28,583300.0,7825197.0
1999-08-31,36.34,36.92,36.61,36.28,481300.0,6399000.0
1999-09-01,36.92,36.92,35.46,35.24,470500.0,6137629.0
1999-09-02,35.24,36.34,36.31,35.24,454900.0,5901658.0
1999-09-03,36.34,37.16,36.17,35.79,330400.0,4368371.0
1999-09-06,35.51,36.28,34.83,34.71,242900.0,3118809.0
1999-09-07,34.94,35.48,34.83,34.69,290600.0,3687507.0
1999-09-08,35.24,35.79,35.02,34.83,160400.0,2050266.0
1999-09-09,35.73,37.14,36.86,35.73,493200.0,6564040.0
1999-09-10,36.89,37.41,35.51,35.38,1184700.0,15424998.0
1999-09-13,35.73,36.48,35.51,35.1,525100.0,6809793.0
1999-09-14,35.51,36.94,35.51,33.86,933700.0,12088850.0
1999-09-15,35.79,35.79,34.83,34.63,548600.0,6966912.0
1999-09-16,34.83,34.91,34.25,34.08,433900.0,5409226.0
1999-09-17,34.3,35.18,34.36,34.25,242700.0,3038225.0
1999-09-20,34.36,34.96,34.41,34.36,214900.0,2703683.0
1999-09-21,34.69,35.05,34.66,34.41,181500.0,2291701.0
1999-09-22,34.66,35.21,34.36,34.36,129300.0,1634000.0
1999-09-23,34.14,34.41,33.45,33.03,323200.0,3939004.0
1999-09-24,34.55,34.55,33.42,33.06,154800.0,1889042.0
1999-09-27,33.42,33.72,32.24,32.1,398200.0,4727210.0
1999-09-28,32.07,32.48,32.02,31.63,265300.0,3090166.0
1999-09-29,32.21,32.48,31.69,31.66,278779.0,3254147.0
1999-09-30,32.07,32.24,31.47,31.16,293100.0,3360347.0
1999-10-08,31.6,31.6,30.17,30.14,163500.0,1809420.0
1999-10-11,29.73,30.48,30.28,29.68,139600.0,1525410.0
1999-10-12,30.56,30.56,30.48,30.01,80200.0,884012.0
1999-10-13,30.61,31.19,29.92,29.73,137800.0,1516315.0
1999-10-14,29.76,30.5,30.04,29.68,76300.0,832718.0
1999-10-15,30.2,32.76,31.44,30.2,357100.0,4106143.0
1999-10-18,31.91,31.96,30.7,30.48,254000.0,2874117.0
1999-10-19,30.64,30.64,29.79,29.73,147000.0,1601933.0
1999-10-20,30.78,30.8,30.67,29.73,100000.0,1084224.0
1999-10-21,30.42,31.36,31.25,30.01,250000.0,2802205.0
1999-10-22,31.33,32.76,32.43,31.14,610200.0,7125700.0
1999-10-25,32.62,32.62,31.66,31.66,263100.0,3052626.0
1999-10-26,32.21,32.9,32.29,31.66,364700.0,4285753.0
1999-10-27,33.53,33.53,32.84,31.8,603900.0,7131095.0
1999-10-28,32.81,34.0,33.45,32.21,743400.0,9001648.0
1999-10-29,33.45,33.45,32.76,32.21,327500.0,3910367.0
1999-11-01,32.21,35.65,33.06,31.85,531000.0,6630570.0
1999-11-02,33.03,33.31,32.35,31.93,148200.0,1745000.0
1999-11-03,32.43,32.48,31.88,31.82,128100.0,1493303.0
1999-11-04,31.66,31.71,30.83,30.56,221900.0,2495546.0
1999-11-05,30.56,31.11,30.56,30.5,96200.0,1073345.0
1999-11-08,30.56,30.94,30.86,30.34,172900.0,1928085.0
1999-11-09,30.83,31.25,30.97,30.7,76700.0,863187.0
1999-11-10,30.97,31.0,30.28,29.92,169500.0,1868298.0
1999-11-11,30.59,30.59,30.28,30.17,66200.0,727560.0
1999-11-12,30.56,31.22,30.97,30.28,50500.0,566791.0
1999-11-15,32.13,32.15,31.66,30.53,105400.0,1193380.0
1999-11-16,31.11,31.93,30.72,30.72,68800.0,777264.0
1999-11-17,30.78,32.84,32.46,30.78,389800.0,4536899.0
1999-11-18,32.62,33.53,32.7,32.38,440900.0,5259293.0
1999-11-19,32.7,32.95,31.88,31.88,257300.0,3016382.0
1999-11-22,31.05,32.48,32.4,31.05,170200.0,1986251.0
1999-11-23,32.48,33.75,33.03,32.32,800200.0,9640449.0
1999-11-24,33.26,33.31,32.76,32.62,165600.0,1978473.0
1999-11-25,32.24,32.59,31.93,31.93,79300.0,923623.0
1999-11-26,31.66,32.62,32.46,31.66,108500.0,1269902.0
1999-11-29,32.02,33.34,32.84,31.93,218200.0,2601714.0
1999-11-30,32.81,33.31,32.76,32.35,164800.0,1974120.0
1999-12-01,32.76,33.81,33.45,32.48,358900.0,4348932.0
1999-12-02,33.45,34.41,34.0,33.31,648200.0,7997604.0
1999-12-03,34.0,34.69,34.03,33.59,384900.0,4781423.0
1999-12-06,34.33,34.33,32.7,32.48,274300.0,3288592.0
1999-12-07,32.7,32.76,32.54,32.21,199600.0,2353728.0
1999-12-08,32.54,33.23,32.59,32.35,102800.0,1217593.0
1999-12-09,32.51,32.79,31.71,31.69,185100.0,2164106.0
1999-12-10,31.66,32.1,31.16,30.78,334593.0,3791629.0
1999-12-13,31.16,31.25,30.94,30.83,183000.0,2056329.0
1999-12-14,30.86,31.33,30.94,30.83,128100.0,1440440.0
1999-12-15,31.05,31.88,31.52,30.83,334500.0,3810735.0
1999-12-16,31.91,31.91,30.92,30.92,112600.0,1276757.0
1999-12-17,30.91,31.8,31.27,30.89,139400.0,1578928.0
1999-12-21,31.25,31.25,29.98,29.79,293000.0,3210000.0
1999-12-22,29.98,29.98,28.63,28.52,444500.0,4691895.0
1999-12-23,28.36,28.69,28.19,27.8,181233.0,1849705.0
1999-12-24,28.08,28.3,27.86,27.8,87400.0,889000.0
1999-12-27,27.53,28.22,27.36,26.21,228500.0,2260000.0
1999-12-28,27.25,27.8,26.68,26.43,137100.0,1346084.0
1999-12-29,26.92,27.34,27.12,26.46,109900.0,1073869.0
1999-12-30,26.48,27.47,26.51,26.43,178100.0,1730640.0
2000-01-04,27.42,29.15,29.15,26.7,585900.0,6109250.0
2000-01-05,29.65,32.07,30.09,29.59,1300700.0,14595986.0
2000-01-06,29.87,31.08,31.05,29.24,411100.0,4550858.0
2000-01-07,31.03,31.93,31.38,30.7,860700.0,9768507.0
2000-01-10,31.25,32.76,32.48,30.36,1166700.0,13438379.0
2000-01-11,33.72,35.73,33.15,32.57,3119700.0,39116033.0
2000-01-12,32.9,32.98,30.97,30.83,1064300.0,12283008.0
2000-01-13,30.78,31.63,31.08,30.78,372700.0,4206283.0
2000-01-14,31.11,31.25,29.32,28.14,642500.0,6923612.0
2000-01-17,28.91,29.7,29.46,28.14,363300.0,3827264.0
2000-01-18,29.54,29.73,28.77,28.71,264100.0,2784995.0
2000-01-19,28.77,29.15,28.85,28.63,225400.0,2363890.0
2000-01-20,28.93,30.28,30.09,28.93,294900.0,3192198.0
2000-01-21,30.25,30.28,30.14,29.26,467800.0,5049127.0
2000-01-24,30.34,30.45,29.21,28.85,485500.0,5151780.0
2000-01-25,29.21,30.83,29.87,28.91,529700.0,5741283.0
2000-01-26,29.84,30.28,29.59,29.48,176000.0,1899618.0
2000-01-27,29.79,30.12,29.24,28.99,743200.0,7869439.0
2000-01-28,29.46,29.46,29.07,28.08,1016400.0,10508917.0
2000-02-14,30.28,31.99,31.99,29.62,1030900.0,11658000.0
2000-02-15,32.21,32.98,30.8,30.7,1610300.0,18700945.0
2000-02-16,30.36,32.95,32.9,30.28,1651400.0,18917962.0
2000-02-17,34.0,34.96,30.28,30.01,1596800.0,18923832.0
2000-02-18,30.28,32.62,31.58,30.06,878400.0,10024254.0
2000-02-21,31.66,34.03,33.61,31.11,2525900.0,30290701.0
2000-02-22,34.08,34.41,31.33,31.11,1319800.0,15639686.0
2000-02-23,31.08,31.93,30.97,30.56,641500.0,7247760.0
2000-02-24,30.97,32.21,31.36,30.64,551000.0,6259609.0
2000-02-25,31.36,32.81,32.62,31.33,1130300.0,13213326.0
2000-02-28,33.03,34.41,33.48,32.76,1738000.0,21265225.0
2000-02-29,34.03,34.27,32.76,32.4,1186000.0,14221210.0
2000-03-01,33.26,35.51,34.0,33.26,1997400.0,24928668.0
2000-03-02,34.14,37.41,37.41,33.86,4027900.0,52408305.0
2000-03-03,38.95,40.14,36.83,36.56,5693500.0,78972819.0
2000-03-06,37.94,37.96,33.39,33.26,2506700.0,32420027.0
2000-03-07,33.09,34.41,34.0,32.7,1053100.0,12911424.0
2000-03-08,33.86,34.94,34.55,33.45,752800.0,9363394.0
2000-03-09,34.83,34.94,34.03,33.59,883800.0,10926156.0
2000-03-10,34.14,34.58,33.31,33.17,919400.0,11256919.0
2000-03-13,33.26,34.41,33.72,33.17,687300.0,8423707.0
2000-03-14,33.06,33.37,33.03,31.66,1168000.0,13849984.0
2000-03-15,32.9,33.7,31.49,31.25,1663200.0,19123214.0
2000-03-16,31.38,33.01,29.87,29.76,1159100.0,12870601.0
2000-03-17,29.87,30.78,30.67,29.73,802700.0,8784652.0
2000-03-20,30.23,31.0,30.78,29.26,833400.0,9146384.0
2000-03-21,30.78,32.04,31.77,30.04,915600.0,10399834.0
2000-03-22,31.55,32.18,31.25,31.11,497400.0,5689361.0
2000-03-23,31.38,31.8,31.69,31.11,530700.0,6060870.0
2000-03-24,32.07,32.98,31.96,31.71,932500.0,10915142.0
2000-03-27,31.66,32.92,32.26,31.49,775600.0,9120259.0
2000-03-28,32.62,34.36,33.83,30.5,1598300.0,19198002.0
2000-03-29,33.81,33.83,33.83,32.76,746700.0,9022368.0
2000-03-30,35.46,35.46,33.92,33.59,1373200.0,17181794.0
2000-03-31,33.94,35.24,34.41,33.61,1739700.0,21836817.0
2000-04-03,34.41,36.34,35.1,34.41,1538200.0,19849689.0
2000-04-04,34.96,34.96,33.48,33.45,728600.0,8970221.0
2000-04-05,33.37,34.14,33.86,33.09,456100.0,5567671.0
2000-04-06,34.27,35.79,35.59,34.27,1349400.0,17276844.0
2000-04-07,35.79,36.04,35.18,34.83,827600.0,10630757.0
2000-04-10,35.24,35.73,35.27,34.44,618000.0,7829054.0
2000-04-11,35.29,35.46,34.14,33.89,555700.0,6964460.0
2000-04-12,34.08,34.69,33.59,32.98,664500.0,8130135.0
2000-04-13,33.59,34.11,33.92,33.12,475100.0,5811515.0
2000-04-14,33.92,34.27,33.7,33.56,428200.0,5245270.0
2000-04-17,33.59,33.64,32.79,32.37,636000.0,7573207.0
2000-04-18,32.84,33.7,33.56,32.38,383400.0,4598144.0
2000-04-19,33.86,34.16,34.14,33.59,416900.0,5144955.0
2000-04-20,34.14,35.1,34.77,33.75,818900.0,10294933.0
2000-04-21,35.38,37.22,35.95,35.24,3330400.0,44017513.0
2000-04-24,36.34,37.94,36.61,35.51,2330600.0,31107055.0
2000-04-25,36.61,36.75,35.38,34.85,837100.0,10840591.0
2000-04-26,35.93,38.4,37.11,35.93,1970400.0,26645446.0
2000-04-27,37.03,37.03,35.65,35.46,904000.0,11836052.0
2000-04-28,35.54,36.28,36.04,35.18,734500.0,9459128.0
2000-05-08,35.79,37.99,37.55,35.73,1588300.0,21418137.0
2000-05-09,37.44,39.23,37.44,37.19,2375600.0,33003511.0
2000-05-10,37.16,37.44,35.32,35.27,935900.0,12267634.0
2000-05-11,35.27,35.68,33.17,33.03,1010800.0,12531783.0
2000-05-12,33.17,34.41,33.45,33.17,631200.0,7719996.0
2000-05-15,33.59,34.41,34.14,33.53,439900.0,5438929.0
2000-05-17,34.63,34.85,33.72,33.59,298700.0,3734327.0
2000-05-18,33.59,36.28,36.06,33.59,1213000.0,15700568.0
2000-05-19,36.23,37.14,37.03,35.82,1225900.0,16312480.0
2000-05-22,37.41,38.43,37.72,36.89,1552900.0,21243425.0
2000-05-23,37.99,38.87,38.51,37.03,1985200.0,27473570.0
2000-05-24,38.82,39.62,38.49,37.72,1965400.0,27612732.0
2000-05-25,38.51,38.84,38.27,37.6,1382700.0,19145544.0
2000-05-26,38.54,41.71,40.69,37.72,3661900.0,53207592.0
2000-05-29,41.29,43.96,41.62,40.74,4208000.0,64807544.0
2000-05-30,41.57,42.12,41.16,40.19,2048700.0,30551598.0
2000-05-31,40.88,43.08,41.71,40.55,1480900.0,22666083.0
2000-06-01,41.84,42.4,42.4,40.69,1319900.0,19934662.0
2000-06-02,42.4,43.22,41.43,41.16,1027500.0,15717364.0
2000-06-05,41.29,41.43,39.09,38.57,1847100.0,26737251.0
2000-06-06,39.09,40.19,39.64,38.82,675100.0,9665328.0
2000-06-07,39.15,39.95,39.84,39.15,520000.0,7478509.0
2000-06-08,39.78,39.78,39.09,38.29,1042700.0,14641713.0
2000-06-09,39.09,41.02,39.31,38.76,965100.0,14004190.0
2000-06-12,39.31,40.44,39.31,38.68,613000.0,8758948.0
2000-06-13,39.48,40.61,40.33,39.09,621100.0,9052925.0
2000-06-14,40.47,40.77,39.67,39.53,431600.0,6259462.0
2000-06-15,39.67,41.07,41.02,39.67,749500.0,11005499.0
2000-06-16,41.16,41.29,40.14,40.08,534200.0,7872202.0
2000-06-19,40.14,40.19,39.09,38.82,577900.0,8247850.0
2000-06-20,38.68,39.23,38.4,38.05,725200.0,10126913.0
2000-06-21,38.27,39.15,39.04,37.66,460100.0,6348779.0
2000-06-22,39.17,39.23,38.49,37.58,391900.0,5478919.0
2000-06-23,38.54,38.68,38.6,37.99,513100.0,7131171.0
2000-06-26,38.57,38.82,38.16,37.85,463100.0,6435884.0
2000-06-27,38.16,38.79,38.65,38.13,346800.0,4827589.0
2000-06-28,38.68,38.82,38.51,37.99,412800.0,5728507.0
2000-06-29,38.27,38.27,37.25,37.19,700900.0,9556942.0
2000-06-30,37.19,37.19,36.78,36.12,723700.0,9599864.0
2000-07-03,36.45,36.45,35.38,35.24,572300.0,7398748.0
2000-07-04,35.38,36.06,36.06,35.21,193800.0,2520797.0
2000-07-05,36.09,37.03,36.28,36.06,209300.0,2768247.0
2000-07-06,36.34,36.56,35.79,35.51,254300.0,3312726.0
2000-07-07,35.76,36.23,36.15,35.48,268800.0,3507107.0
2000-07-10,36.34,36.37,35.68,35.4,384700.0,4970247.0
2000-07-11,35.68,35.68,34.88,34.69,699900.0,8856677.0
2000-07-12,34.96,35.95,35.18,34.88,313000.0,4034415.0
2000-07-13,35.79,35.79,35.51,34.96,342200.0,4402452.0
2000-07-14,35.62,36.61,36.59,35.24,464900.0,6103006.0
2000-07-17,35.68,37.16,36.34,35.68,329900.0,4384272.0
2000-07-18,36.37,37.03,36.94,36.34,292500.0,3900591.0
2000-07-19,36.94,37.03,36.56,36.48,178400.0,2375522.0
2000-07-20,36.53,36.89,36.83,35.79,247000.0,3243474.0
2000-07-21,36.83,36.83,36.72,36.06,236200.0,3127213.0
2000-07-24,39.09,39.09,37.85,36.72,674900.0,9292042.0
2000-07-25,38.43,38.43,37.14,36.92,286500.0,3903606.0
2000-07-26,37.33,37.66,37.52,36.83,270700.0,3659028.0
2000-07-27,37.85,37.85,37.05,36.86,234200.0,3156410.0
2000-07-28,37.08,37.08,36.61,35.79,261600.0,3474996.0
2000-07-31,36.59,37.38,37.3,36.15,270700.0,3621138.0
2000-08-01,37.27,37.99,37.44,37.27,479900.0,6562533.0
2000-08-02,37.58,37.85,37.33,36.89,207300.0,2808392.0
2000-08-03,37.33,37.99,37.72,37.33,440100.0,6031562.0
2000-08-04,37.77,38.82,38.65,37.6,1033200.0,14401749.0
2000-08-07,38.82,39.56,39.51,38.27,924300.0,13076559.0
2000-08-08,39.59,39.64,39.23,38.57,502800.0,7145172.0
2000-08-09,39.23,39.23,38.68,38.43,482200.0,6789209.0
2000-08-10,38.68,39.51,37.99,37.44,624700.0,8724185.0
2000-08-11,38.13,39.17,39.01,37.99,642800.0,9005710.0
2000-08-14,39.09,39.7,39.59,39.04,788400.0,11308717.0
2000-08-15,39.64,40.41,38.95,38.95,653700.0,9422499.0
2000-08-16,39.23,40.44,40.16,39.23,948100.0,13772043.0
2000-08-17,40.22,40.63,40.44,39.64,806600.0,11796719.0
2000-08-18,40.61,40.66,40.22,39.84,429200.0,6252850.0
2000-08-21,40.25,41.18,40.5,40.22,753000.0,11124077.0
2000-08-22,40.74,41.07,39.64,39.59,638700.0,9395544.0
2000-08-23,39.31,39.59,38.76,37.25,1050800.0,14702471.0
2000-08-24,38.82,39.31,38.76,38.21,694000.0,9771230.0
2000-08-25,38.93,39.92,39.92,38.76,564100.0,8054742.0
2000-08-28,40.33,40.99,40.8,39.92,862200.0,12682226.0
2000-08-29,40.96,40.96,40.44,40.19,445200.0,6555536.0
2000-08-30,40.44,40.69,39.23,39.09,506600.0,7321956.0
2000-08-31,38.82,39.04,37.85,37.83,568900.0,7936082.0
2000-09-01,37.3,38.24,37.44,37.3,383200.0,5254341.0
2000-09-04,37.44,37.55,37.38,36.34,311900.0,4182379.0
2000-09-05,37.69,37.69,36.39,36.37,232800.0,3123149.0
2000-09-06,36.31,36.97,36.37,36.06,242479.0,3212792.0
2000-09-07,36.64,37.66,37.25,36.64,279200.0,3776131.0
2000-09-08,37.58,37.72,37.3,37.08,180800.0,2454158.0
2000-09-11,37.3,38.35,38.32,37.03,264000.0,3644940.0
2000-09-12,38.57,38.68,38.27,37.99,197400.0,2742041.0
2000-09-13,38.35,38.4,38.16,38.1,198300.0,2754238.0
2000-09-14,38.27,38.4,37.38,37.16,157400.0,2148293.0
2000-09-15,37.16,37.99,37.85,37.16,140000.0,1905952.0
2000-09-18,37.94,37.96,37.41,36.97,160900.0,2178117.0
2000-09-19,36.34,37.22,36.61,36.15,221900.0,2944252.0
2000-09-20,37.11,37.14,36.56,36.28,146000.0,1938172.0
2000-09-21,36.75,37.03,36.23,36.23,140600.0,1870169.0
2000-09-22,36.06,36.83,36.26,36.04,134600.0,1775143.0
2000-09-25,36.26,36.56,36.34,36.15,87100.0,1148074.0
2000-09-26,36.48,36.75,36.48,36.2,94500.0,1255108.0
2000-09-27,36.56,36.94,36.89,36.2,132600.0,1763985.0
2000-09-28,36.59,37.69,37.16,36.34,242300.0,3250361.0
2000-09-29,37.03,38.16,37.63,37.03,540900.0,7387033.0
2000-10-09,35.79,38.6,38.6,35.51,4503100.0,60347599.0
2000-10-10,38.54,42.45,42.45,38.13,6562100.0,97135513.0
2000-10-11,42.7,43.94,41.57,41.35,7012000.0,108635710.0
2000-10-12,41.51,43.5,42.97,41.32,3948000.0,60867248.0
2000-10-13,42.95,43.08,40.61,40.47,2597300.0,39244213.0
2000-10-16,40.5,41.54,40.69,39.64,1698500.0,24956059.0
2000-10-17,40.52,41.24,40.96,40.14,754400.0,11180911.0
2000-10-18,40.83,41.16,39.78,39.64,1155200.0,16776186.0
2000-10-19,39.78,40.47,39.06,38.9,1075000.0,15411616.0
2000-10-20,38.95,39.89,39.64,38.84,1093200.0,15616517.0
2000-10-23,39.64,40.72,40.19,39.09,1057800.0,15382174.0
2000-10-24,40.14,40.96,40.88,40.14,802300.0,11845001.0
2000-10-25,40.91,41.16,41.07,40.19,864300.0,12762985.0
2000-10-26,41.07,41.07,40.66,40.36,559000.0,8245828.0
2000-10-27,40.55,42.28,41.68,40.41,1783700.0,26962238.0
2000-10-30,42.31,42.62,42.06,41.54,1216300.0,18637703.0
2000-10-31,42.06,42.12,40.96,40.61,866100.0,12907458.0
2000-11-01,40.74,41.21,40.96,40.36,544600.0,8046820.0
2000-11-02,40.96,41.38,40.22,40.19,677600.0,10006949.0
2000-11-03,40.33,40.39,40.16,39.53,660900.0,9583460.0
2000-11-06,39.78,40.88,40.33,39.78,477300.0,7000945.0
2000-11-07,40.39,40.55,40.16,39.78,360800.0,5256589.0
2000-11-08,39.92,40.33,39.92,39.37,736600.0,10635076.0
2000-11-09,39.95,40.96,40.88,39.95,584900.0,8622709.0
2000-11-10,40.91,42.12,41.24,40.91,958900.0,14415586.0
2000-11-13,41.24,41.71,41.27,40.74,891400.0,13334747.0
2000-11-14,41.32,42.67,42.45,40.77,1688200.0,25725440.0
2000-11-15,42.53,43.66,42.97,42.12,1947600.0,30399304.0
2000-11-16,42.97,45.01,44.87,42.4,2900400.0,46185143.0
2000-11-17,45.15,45.42,43.77,43.77,1952900.0,31396690.0
2000-11-20,43.72,44.54,44.52,43.22,1203407.0,19163540.0
2000-11-21,44.79,44.82,43.22,42.97,1170209.0,18622935.0
2000-11-22,43.19,43.63,43.36,42.81,1056160.0,16532532.0
2000-11-23,43.5,43.91,42.95,42.89,823844.0,12952532.0
2000-11-24,42.95,43.55,41.29,40.74,1317379.0,20322455.0
2000-11-27,40.61,42.01,41.02,40.52,620615.0,9289628.0
2000-11-28,41.29,42.84,42.62,41.24,733264.0,11199663.0
2000-11-29,42.67,42.73,41.73,41.24,650841.0,9902994.0
2000-11-30,41.46,43.3,42.89,41.46,863986.0,13434397.0
2000-12-01,43.08,44.27,43.61,43.08,1183196.0,18822273.0
2000-12-04,44.05,44.32,43.83,43.36,718906.0,11471218.0
2000-12-05,43.91,43.91,42.84,42.73,604262.0,9506351.0
2000-12-06,42.64,44.71,43.72,42.64,1801600.0,28847582.0
2000-12-07,43.72,46.25,46.08,43.28,3874873.0,63739365.0
2000-12-08,46.11,46.8,44.46,44.21,2382994.0,39575441.0
2000-12-11,44.54,44.98,43.69,43.25,1055163.0,16863889.0
2000-12-12,43.66,44.05,43.77,42.84,734950.0,11543503.0
2000-12-13,43.83,45.07,44.32,43.11,509113.0,8151243.0
2000-12-14,44.73,45.15,43.77,43.55,530337.0,8554565.0
2000-12-15,43.69,43.77,42.97,42.95,578105.0,9075715.0
2000-12-18,42.97,43.69,43.41,42.06,663469.0,10301684.0
2000-12-19,43.5,44.98,43.88,43.5,772855.0,12455874.0
2000-12-20,43.91,44.32,44.05,43.36,781029.0,12427461.0
2000-12-21,44.27,46.25,45.42,44.27,1801612.0,29742514.0
2000-12-22,45.45,46.74,45.78,45.45,1931363.0,32477442.0
2000-12-25,46.69,47.52,47.08,45.7,1592669.0,26972798.0
2000-12-26,47.32,47.32,45.92,45.84,1065478.0,17914458.0
2000-12-27,45.97,46.25,45.2,45.04,956932.0,15798012.0
2000-12-28,45.15,45.92,44.82,44.68,797881.0,13105920.0
2000-12-29,45.04,45.84,45.15,44.79,578798.0,9487627.0
2001-01-02,45.18,45.97,45.84,44.62,823316.0,13502261.0
2001-01-03,45.75,46.88,46.63,45.07,1068636.0,17899585.0
2001-01-04,46.74,47.3,46.41,45.97,637259.0,10776879.0
2001-01-05,46.47,47.76,46.97,46.47,1086341.0,18611314.0
2001-01-08,46.97,47.57,45.2,44.05,1119645.0,18596370.0
2001-01-09,45.15,45.7,45.4,44.73,680329.0,11178305.0
2001-01-10,45.42,46.41,46.22,45.15,548373.0,9108819.0
2001-01-11,46.25,46.41,45.84,45.29,576427.0,9553935.0
2001-01-12,45.7,45.86,44.93,44.87,657943.0,10775363.0
2001-01-15,44.6,44.65,42.06,41.87,996313.0,15649428.0
2001-01-16,42.06,42.67,42.4,41.29,650404.0,9906179.0
2001-01-17,42.4,42.81,41.79,41.57,305920.0,4662777.0
2001-01-18,42.01,42.01,41.43,41.43,556994.0,8436679.0
2001-01-19,41.57,42.95,41.98,41.46,323670.0,4942585.0
2001-02-05,42.37,42.53,40.19,40.0,433762.0,6471365.0
2001-02-06,40.74,40.74,39.73,39.37,444863.0,6428117.0
2001-02-07,40.41,40.41,39.67,39.04,271339.0,3875419.0
2001-02-08,39.09,39.64,38.05,37.99,426903.0,5973995.0
2001-02-09,38.27,39.09,38.71,38.27,275917.0,3868195.0
2001-02-12,38.54,39.04,38.68,38.4,280050.0,3928069.0
2001-02-13,38.76,39.31,38.73,38.54,187006.0,2640493.0
2001-02-14,38.68,38.95,38.54,38.27,103804.0,1455352.0
2001-02-15,38.32,38.73,37.49,37.44,217288.0,3009411.0
2001-02-16,37.33,37.44,37.03,36.42,339647.0,4543520.0
2001-02-19,37.0,38.95,38.51,36.97,291940.0,4038341.0
2001-02-20,38.79,38.79,37.47,37.44,283142.0,3905872.0
2001-02-21,36.89,37.44,36.34,36.06,336682.0,4480417.0
2001-02-22,36.2,37.16,36.83,36.2,232255.0,3098595.0
2001-02-23,36.34,37.03,37.03,36.34,255551.0,3399179.0
2001-02-26,37.3,37.74,37.6,37.11,163072.0,2214733.0
2001-02-27,37.85,38.16,38.13,37.38,159902.0,2192811.0
2001-02-28,38.21,38.29,37.83,37.49,182653.0,2513263.0
2001-03-01,37.58,38.51,37.85,37.58,132907.0,1831478.0
2001-03-02,38.21,38.54,38.32,37.8,232952.0,3233863.0
2001-03-05,38.27,38.6,38.27,37.99,166296.0,2310597.0
2001-03-06,37.16,38.21,37.58,37.16,237381.0,3245836.0
2001-03-07,37.44,38.07,37.99,37.38,164215.0,2251555.0
2001-03-08,37.99,38.27,38.13,37.72,175500.0,2421724.0
2001-03-09,38.38,39.37,38.87,38.16,419807.0,5929974.0
2001-03-12,38.87,39.12,39.04,38.54,223648.0,3160264.0
2001-03-13,39.12,39.12,38.46,38.38,217582.0,3056169.0
2001-03-14,38.02,38.76,38.51,38.02,226018.0,3147074.0
2001-03-15,38.51,39.06,38.95,38.32,214267.0,3025683.0
2001-03-16,39.09,39.64,39.59,38.57,345700.0,4901277.0
2001-03-19,39.37,40.72,40.72,39.23,635004.0,9285426.0
2001-03-20,40.69,40.72,40.44,39.92,323035.0,4728097.0
2001-03-21,40.99,41.02,40.63,40.19,351068.0,5172156.0
2001-03-22,40.69,42.12,41.6,40.33,905184.0,13599929.0
2001-03-23,41.73,41.82,40.19,40.19,653671.0,9727859.0
2001-03-26,39.92,41.21,41.05,39.92,380074.0,5638509.0
2001-03-27,41.16,41.54,41.29,40.74,382349.0,5722218.0
2001-03-28,41.38,41.43,40.77,40.61,371269.0,5506163.0
2001-03-29,40.47,41.02,40.47,40.36,373372.0,5505586.0
2001-03-30,40.41,40.63,40.58,39.92,395918.0,5781578.0
2001-04-02,40.69,40.88,40.61,40.41,334411.0,4940493.0
2001-04-03,40.61,42.06,41.57,40.52,648900.0,9739604.0
2001-04-04,41.57,41.84,40.69,39.92,410740.0,6151697.0
2001-04-05,40.69,41.07,41.07,40.25,290690.0,4298141.0
2001-04-06,41.07,41.84,41.51,41.02,406590.0,6108738.0
2001-04-09,41.54,42.95,42.78,41.54,1177714.0,18189090.0
2001-04-10,42.84,42.89,42.45,42.26,363520.0,5610419.0
2001-04-11,42.4,42.67,42.23,41.98,396468.0,6098834.0
2001-04-12,42.31,42.34,41.84,41.6,485317.0,7383468.0
2001-04-13,42.06,42.23,42.15,41.62,367477.0,5590682.0
2001-04-16,42.15,42.62,42.17,41.84,536276.0,8206847.0
2001-04-17,42.26,42.97,42.92,42.12,684247.0,10591211.0
2001-04-18,42.92,43.14,42.42,42.4,556484.0,8655682.0
2001-04-19,42.48,42.53,41.82,41.38,777832.0,11805616.0
2001-04-20,41.84,42.81,41.84,41.82,690100.0,10585914.0
2001-04-23,41.84,43.74,43.63,41.84,1384813.0,21612720.0
2001-04-24,43.77,45.7,45.04,43.77,2909873.0,47056553.0
2001-04-25,45.09,45.15,42.73,42.28,1425817.0,22590114.0
2001-04-27,42.73,43.17,42.2,42.12,515809.0,7973200.0
2001-04-30,42.2,44.05,42.67,42.2,684266.0,10738886.0
2001-05-08,43.36,43.99,43.99,42.84,415806.0,6544938.0
2001-05-09,43.96,45.09,44.05,43.63,978116.0,15787435.0
2001-05-10,44.6,46.25,45.7,44.6,2382000.0,39431530.0
2001-05-11,45.78,46.08,45.4,44.82,1029835.0,16926429.0
2001-05-14,45.64,45.92,45.15,44.76,861437.0,14160961.0
2001-05-15,45.42,46.17,45.73,45.06,1026576.0,16990519.0
2001-05-16,45.97,46.0,44.87,44.73,803319.0,13150877.0
2001-05-17,44.95,45.2,44.57,44.43,789126.0,12806301.0
2001-05-18,44.6,46.25,45.97,44.27,1414355.0,23459319.0
2001-05-21,46.47,47.19,46.47,46.0,1595113.0,26986772.0
2001-05-22,46.47,46.77,46.25,45.7,982500.0,16520264.0
2001-05-23,46.11,46.3,46.11,44.87,853858.0,14159904.0
2001-05-24,45.92,48.67,47.63,45.92,3108414.0,53909212.0
2001-05-25,47.63,48.34,47.41,46.88,1248202.0,21555795.0
2001-05-28,47.3,47.76,47.65,46.41,823832.0,14097409.0
2001-05-29,47.3,48.18,46.8,46.69,685023.0,11829162.0
2001-05-30,47.02,48.73,48.45,46.69,982343.0,17070220.0
2001-05-31,49.17,49.83,48.73,48.45,2098408.0,37488111.0
2001-06-01,48.73,50.63,49.55,48.59,1752577.0,31714011.0
2001-06-04,49.83,52.99,52.8,49.83,2690879.0,50542199.0
2001-06-05,52.8,52.97,52.06,51.48,1906959.0,36146610.0
2001-06-06,52.22,53.68,51.48,51.07,2174489.0,41112943.0
2001-06-07,51.62,51.98,49.83,49.61,2132769.0,38961838.0
2001-06-08,49.58,49.72,48.34,48.23,2167988.0,38463768.0
2001-06-11,48.18,49.17,47.05,46.8,2626002.0,45597458.0
2001-06-12,47.05,48.15,47.87,47.05,1332448.0,23031221.0
2001-06-13,48.45,48.45,47.98,47.63,922500.0,16096316.0
2001-06-14,48.18,48.18,45.86,45.56,2480248.0,41846601.0
2001-06-15,45.84,46.61,46.03,45.7,1267856.0,21219271.0
2001-06-18,45.97,46.03,43.83,43.66,1473850.0,23830870.0
2001-06-19,43.72,44.54,44.13,43.52,874840.0,13982820.0
2001-06-20,44.21,45.59,44.46,44.16,583574.0,9514482.0
2001-06-21,44.54,45.26,45.15,44.49,366294.0,5970782.0
2001-06-22,45.15,45.56,45.01,44.6,488241.0,7983789.0
2001-06-25,45.04,46.25,46.14,44.9,600624.0,9936529.0
2001-06-26,46.25,46.52,46.41,45.64,535374.0,8980608.0
2001-06-27,46.41,46.52,45.75,45.7,415004.0,6942240.0
2001-06-28,45.7,45.95,44.87,44.73,607232.0,9941429.0
2001-06-29,44.87,45.4,44.98,44.79,310880.0,5078774.0
2001-07-02,44.98,44.98,44.07,43.17,450519.0,7227293.0
2001-07-03,44.13,44.87,44.62,44.05,313294.0,5055500.0
2001-07-04,44.73,45.29,44.82,44.73,230404.0,3762020.0
2001-07-05,44.93,45.15,44.46,44.21,181906.0,2956003.0
2001-07-06,44.27,44.32,43.8,43.77,246166.0,3939179.0
2001-07-09,43.36,43.77,43.63,43.3,251510.0,3975812.0
2001-07-10,43.66,45.01,44.68,43.5,273632.0,4422736.0
2001-07-11,44.73,44.76,44.05,44.05,191405.0,3080339.0
2001-07-12,43.77,44.3,44.27,43.52,128355.0,2049721.0
2001-07-13,44.93,44.93,44.46,44.19,139193.0,2249442.0
2001-07-16,45.09,45.09,43.91,43.91,198585.0,3197013.0
2001-07-17,43.72,44.27,44.27,43.63,163913.0,2618135.0
2001-07-18,44.32,45.12,45.09,44.19,295574.0,4807474.0
2001-07-19,45.23,45.56,45.53,44.6,245680.0,4020388.0
2001-07-20,45.62,46.47,46.28,45.56,920019.0,15417328.0
2001-07-23,46.28,46.47,46.22,45.92,540704.0,9070169.0
2001-07-24,46.08,46.14,45.15,44.87,507197.0,8361066.0
2001-07-25,44.3,46.14,45.07,44.3,273158.0,4503242.0
2001-07-26,44.35,45.56,44.87,44.35,199438.0,3255190.0
2001-07-27,45.15,45.42,44.32,44.32,212980.0,3463311.0
2001-07-30,44.32,44.32,41.05,40.91,601562.0,9180378.0
2001-07-31,40.88,41.98,39.78,39.26,416803.0,6171237.0
2001-08-01,39.86,41.57,41.38,39.86,368151.0,5488590.0
2001-08-02,41.71,41.71,41.1,39.12,376024.0,5526059.0
2001-08-03,41.16,41.6,41.24,41.02,158236.0,2370985.0
2001-08-06,40.77,40.77,39.92,39.42,227314.0,3305108.0
2001-08-07,39.12,40.74,40.41,39.12,170200.0,2475985.0
2001-08-08,40.61,41.24,40.85,40.08,115679.0,1715284.0
2001-08-09,41.02,41.9,41.84,41.02,228140.0,3447512.0
2001-08-10,42.17,42.53,42.34,41.9,246379.0,3776351.0
2001-08-13,42.4,42.62,42.12,41.84,181449.0,2775951.0
2001-08-14,41.84,42.53,41.62,41.16,228694.0,3476237.0
2001-08-15,41.46,42.34,42.06,41.46,114062.0,1740060.0
2001-08-16,42.06,42.26,41.35,40.41,171600.0,2594339.0
2001-08-17,41.24,41.38,41.02,40.77,152599.0,2276900.0
2001-08-20,41.02,41.79,41.65,40.91,102947.0,1547735.0
2001-08-21,41.76,42.42,41.84,41.76,120555.0,1843918.0
2001-08-22,41.29,42.23,41.29,40.96,237806.0,3563016.0
2001-08-23,40.61,41.82,41.71,40.55,118276.0,1767668.0
2001-08-24,41.71,42.12,40.96,40.91,117430.0,1774169.0
2001-08-27,40.96,40.96,39.67,39.59,268504.0,3900466.0
2001-08-28,39.37,39.97,39.92,38.54,186922.0,2672379.0
2001-08-29,40.05,40.74,39.86,39.86,114000.0,1663860.0
2001-08-30,39.86,40.03,39.73,39.53,53700.0,776397.0
2001-08-31,39.73,40.16,40.03,39.56,59852.0,865009.0
2001-09-03,39.64,40.11,39.09,39.09,92200.0,1326093.0
2001-09-04,39.15,40.33,40.33,39.04,119662.0,1727440.0
2001-09-05,40.88,41.71,40.88,40.5,203704.0,3041130.0
2001-09-06,40.77,41.54,40.61,40.47,70750.0,1050071.0
2001-09-07,40.47,40.96,39.53,39.53,130296.0,1893422.0
2001-09-10,39.37,41.16,41.1,39.15,350172.0,5155066.0
2001-09-11,41.29,41.43,41.02,40.69,115953.0,1731487.0
2001-09-12,39.95,40.69,40.19,39.64,327460.0,4771952.0
2001-09-13,40.05,40.69,40.19,40.05,67295.0,987246.0
2001-09-14,40.33,40.47,39.4,39.37,148571.0,2140857.0
2001-09-17,39.39,39.92,38.1,38.05,378055.0,5288282.0
2001-09-18,38.1,39.62,38.62,38.1,132410.0,1858284.0
2001-09-19,38.79,39.01,38.98,37.99,110044.0,1533334.0
2001-09-20,39.23,40.36,39.64,39.12,327899.0,4730809.0
2001-09-21,39.37,39.51,39.37,39.06,105656.0,1503736.0
2001-09-24,39.28,39.37,38.76,38.71,55300.0,782602.0
2001-09-25,38.76,38.98,38.82,38.71,90703.0,1279786.0
2001-09-26,38.87,38.95,38.24,38.21,91400.0,1276388.0
2001-09-27,38.27,38.95,37.8,37.19,118534.0,1630022.0
2001-09-28,37.99,38.4,37.72,37.3,111569.0,1526596.0
2001-10-08,38.13,38.13,36.39,36.37,103001.0,1380225.0
2001-10-09,36.37,37.03,36.75,36.31,98987.0,1317256.0
2001-10-10,36.78,36.81,34.69,34.41,217885.0,2790686.0
2001-10-11,34.41,35.21,33.26,32.76,230404.0,2807490.0
2001-10-12,33.23,35.18,34.72,32.51,334810.0,4135101.0
2001-10-15,34.69,35.73,34.8,34.0,389990.0,4947586.0
2001-10-16,34.8,35.18,33.94,33.75,150365.0,1870568.0
2001-10-17,33.94,34.41,33.34,33.34,131243.0,1611730.0
2001-10-18,33.86,33.86,32.76,32.76,146700.0,1765225.0
2001-10-19,32.76,33.03,31.49,31.44,310400.0,3608512.0
2001-10-22,30.83,31.11,29.24,29.18,383704.0,4207924.0
2001-10-23,31.47,32.15,32.15,31.47,606006.0,7055799.0
2001-10-24,33.26,35.24,34.63,33.03,1026321.0,12713315.0
2001-10-25,34.41,34.41,33.81,33.17,375200.0,4601796.0
2001-10-26,33.45,34.0,33.67,32.98,284540.0,3456143.0
2001-10-29,33.59,35.82,35.21,33.59,681860.0,8727475.0
2001-10-30,35.21,35.24,34.55,34.27,197700.0,2493524.0
2001-10-31,34.14,34.91,34.91,34.11,155286.0,1938532.0
2001-11-01,34.96,35.65,35.24,34.96,241908.0,3108915.0
2001-11-02,35.1,35.18,34.58,34.41,138801.0,1754182.0
2001-11-05,34.6,34.74,34.52,34.0,122234.0,1523613.0
2001-11-06,34.36,34.63,34.05,34.05,86001.0,1073891.0
2001-11-07,34.0,34.14,31.93,31.82,310281.0,3692320.0
2001-11-08,31.38,32.29,32.04,30.83,282301.0,3246851.0
2001-11-09,32.21,33.45,33.03,31.74,232527.0,2748246.0
2001-11-12,33.03,33.59,33.03,32.57,106600.0,1285569.0
2001-11-13,32.7,33.03,32.9,32.48,111904.0,1336086.0
2001-11-14,32.98,34.11,33.26,32.65,85370.0,1037626.0
2001-11-15,33.81,33.81,33.59,33.34,66073.0,804079.0
2001-11-16,35.73,36.59,34.58,34.58,734924.0,9412219.0
2001-11-19,34.41,35.51,35.24,34.41,167400.0,2129967.0
2001-11-20,35.24,36.34,36.01,35.1,572160.0,7465552.0
2001-11-21,35.95,36.09,35.6,35.38,253332.0,3286780.0
2001-11-22,35.82,36.34,36.09,35.68,303702.0,3968999.0
2001-11-23,36.06,36.06,35.73,35.59,209448.0,2722359.0
2001-11-26,35.73,35.73,35.29,35.1,176999.0,2269873.0
2001-11-27,35.29,36.2,36.12,35.29,231617.0,3009108.0
2001-11-28,36.28,37.22,37.14,36.15,768684.0,10302502.0
2001-11-29,37.14,37.88,37.05,36.61,397683.0,5389586.0
2001-11-30,37.03,37.38,37.33,36.89,219440.0,2959197.0
2001-12-03,37.36,37.72,37.44,37.36,265142.0,3617067.0
2001-12-04,37.41,37.72,37.55,36.92,256112.0,3464156.0
2001-12-05,37.44,37.55,36.45,36.42,449859.0,6030964.0
2001-12-06,36.34,37.03,36.75,36.26,191184.0,2543480.0
2001-12-07,36.78,37.05,36.67,36.61,132000.0,1767031.0
2001-12-10,36.53,36.53,36.42,36.06,196547.0,2585780.0
2001-12-11,36.42,36.48,35.98,35.79,202604.0,2661078.0
2001-12-12,35.79,36.04,35.54,35.51,199567.0,2591060.0
2001-12-13,35.54,35.9,34.99,34.96,195000.0,2509933.0
2001-12-14,35.02,35.24,34.69,34.63,136804.0,1732744.0
2001-12-17,34.69,34.96,34.77,34.41,97946.0,1234312.0
2001-12-18,35.24,35.73,35.65,35.02,128169.0,1647862.0
2001-12-19,35.82,35.87,34.99,34.96,73165.0,944586.0
2001-12-20,34.14,34.14,33.81,33.59,146850.0,1810642.0
2001-12-21,33.89,34.36,34.36,33.89,70300.0,871216.0
2001-12-24,34.41,34.41,33.53,33.37,105999.0,1300567.0
2001-12-25,33.59,34.08,34.08,33.31,67095.0,820887.0
2001-12-26,34.11,34.27,34.11,33.39,221715.0,2720408.0
2001-12-27,34.11,34.27,33.59,33.56,123303.0,1514153.0
2001-12-28,33.31,33.53,33.01,32.48,285200.0,3413465.0
2001-12-31,33.17,33.31,33.17,33.01,106031.0,1278396.0
2002-01-04,33.03,33.03,32.46,32.46,160200.0,1895764.0
2002-01-07,32.21,32.4,32.35,32.07,103530.0,1211996.0
2002-01-08,32.15,33.03,32.4,31.93,77200.0,914904.0
2002-01-09,32.35,32.48,32.21,31.93,100665.0,1173892.0
2002-01-10,31.85,32.43,32.1,30.72,266537.0,3027858.0
2002-01-11,31.66,31.69,31.11,31.0,95650.0,1085841.0
2002-01-14,30.34,30.56,29.73,29.62,184030.0,2006897.0
2002-01-15,29.73,30.23,28.02,27.67,320251.0,3382662.0
2002-01-16,27.67,28.57,28.38,27.64,142228.0,1458686.0
2002-01-17,28.22,28.49,26.92,26.87,167400.0,1669282.0
2002-01-18,26.9,27.39,26.68,25.77,261348.0,2518446.0
2002-01-21,26.35,26.43,24.23,24.23,238168.0,2152364.0
2002-01-22,23.4,25.05,23.1,23.07,255600.0,2225190.0
2002-01-23,23.15,25.41,25.38,23.15,471179.0,4176487.0
2002-01-24,25.3,26.98,26.32,24.5,525350.0,4980246.0
2002-01-25,26.15,26.57,26.29,25.88,257285.0,2449172.0
2002-01-28,26.15,28.02,24.83,24.78,629984.0,6076621.0
2002-01-29,24.8,26.02,25.96,24.5,267464.0,2482433.0
2002-01-30,26.1,26.79,26.4,25.91,239172.0,2289260.0
2002-01-31,27.12,28.57,28.46,26.98,903530.0,9154725.0
2002-02-01,28.46,29.13,28.36,28.02,575756.0,6001610.0
2002-02-04,28.52,29.1,29.1,27.94,351809.0,3646620.0
2002-02-05,29.1,29.13,28.91,28.55,289870.0,3029085.0
2002-02-06,28.85,28.85,27.89,27.8,301304.0,3098776.0
2002-02-07,27.58,29.1,28.74,27.58,251746.0,2617922.0
2002-02-08,29.18,29.26,28.38,28.36,213600.0,2238387.0
2002-02-25,28.91,29.15,28.91,28.66,226356.0,2383250.0
2002-02-26,28.69,29.62,29.48,28.66,377978.0,4004041.0
2002-02-27,29.46,29.92,29.62,29.35,262652.0,2829845.0
2002-02-28,29.57,29.79,29.07,29.04,170017.0,1814336.0
2002-03-01,28.8,29.07,28.44,28.44,208306.0,2172364.0
2002-03-04,28.16,29.24,29.21,28.14,131380.0,1375898.0
2002-03-05,29.24,30.28,30.14,29.21,410194.0,4461923.0
2002-03-06,30.23,31.63,30.75,30.14,948262.0,10718990.0
2002-03-07,31.03,31.85,31.8,30.83,501108.0,5705019.0
2002-03-08,32.15,32.43,32.32,31.44,817330.0,9457409.0
2002-03-11,32.26,33.01,32.9,31.74,640284.0,7541496.0
2002-03-12,32.73,33.59,32.48,32.13,1009209.0,12048602.0
2002-03-13,32.21,33.03,31.66,31.66,573126.0,6709547.0
2002-03-14,31.52,33.5,33.45,31.38,774796.0,9117325.0
2002-03-15,33.72,34.41,32.32,32.21,1022077.0,12437317.0
2002-03-18,33.26,33.97,32.76,32.21,489284.0,5859992.0
2002-03-19,32.76,33.75,33.59,32.38,432094.0,5217781.0
2002-03-20,33.81,34.41,34.19,33.31,828153.0,10190566.0
2002-03-21,34.27,34.3,33.86,33.59,413501.0,5079155.0
2002-03-22,33.72,33.75,33.31,33.12,289530.0,3509678.0
2002-03-25,33.17,33.45,33.31,33.03,168710.0,2037408.0
2002-03-26,33.28,33.45,32.48,32.26,248600.0,2956569.0
2002-03-27,32.35,32.76,32.73,32.21,229541.0,2704917.0
2002-03-28,32.98,33.17,32.7,32.57,220747.0,2637445.0
2002-03-29,32.48,32.7,31.82,31.47,341400.0,3972681.0
2002-04-01,32.04,32.21,31.82,31.44,174949.0,2016914.0
2002-04-02,31.82,32.21,31.38,31.08,244760.0,2810390.0
2002-04-03,31.25,31.77,31.38,31.25,143874.0,1645016.0
2002-04-04,31.38,33.53,33.23,31.25,441771.0,5205891.0
2002-04-05,33.39,33.72,32.95,32.79,537843.0,6502414.0
2002-04-08,32.81,33.53,33.39,32.81,262188.0,3168880.0
2002-04-09,33.31,36.34,35.68,33.31,2220084.0,28207244.0
2002-04-10,35.27,35.71,35.21,34.83,1032158.0,13214047.0
2002-04-11,35.24,35.24,34.11,34.08,637267.0,8012635.0
2002-04-12,34.08,34.63,34.14,33.89,308751.0,3848362.0
2002-04-15,34.19,34.55,34.08,33.81,235613.0,2917476.0
2002-04-16,34.08,34.38,33.83,33.61,173753.0,2138612.0
2002-04-17,33.67,34.52,34.27,33.59,176870.0,2190086.0
2002-04-18,33.86,34.55,33.64,33.59,160803.0,1985469.0
2002-04-19,33.53,33.78,33.67,32.51,392165.0,4717883.0
2002-04-22,33.53,33.67,33.39,32.98,136941.0,1661600.0
2002-04-23,33.39,33.81,33.7,33.39,136191.0,1664010.0
2002-04-24,33.72,33.72,33.03,32.9,214108.0,2581170.0
2002-04-25,33.17,33.53,33.48,32.79,122994.0,1482309.0
2002-04-26,33.37,35.24,34.58,33.37,608433.0,7649848.0
2002-04-29,35.18,37.0,36.31,35.18,1834081.0,24077633.0
2002-04-30,36.89,37.03,35.46,35.32,975579.0,12734507.0
2002-05-08,36.34,36.86,35.57,35.46,905293.0,11874525.0
2002-05-09,35.79,36.28,35.79,35.46,401434.0,5221713.0
2002-05-10,36.06,36.34,35.02,34.91,424206.0,5452545.0
2002-05-13,34.83,35.51,35.27,34.58,298875.0,3821152.0
2002-05-14,35.13,35.29,34.96,34.83,236890.0,3011841.0
2002-05-15,34.83,34.96,34.22,34.19,305444.0,3836817.0
2002-05-16,33.72,34.22,33.03,33.03,472421.0,5754483.0
2002-05-17,33.03,33.83,33.42,32.68,390933.0,4714681.0
2002-05-20,33.37,33.37,32.43,32.13,329340.0,3885409.0
2002-05-22,33.97,34.11,33.01,32.98,575591.0,7004528.0
2002-05-23,32.98,34.0,33.64,32.98,329334.0,4020636.0
2002-05-24,33.86,33.86,33.34,33.09,219364.0,2662384.0
2002-05-27,33.59,33.92,33.81,33.37,98060.0,1198588.0
2002-05-28,33.97,34.52,34.14,33.81,233823.0,2907829.0
2002-05-29,34.08,34.08,32.92,32.76,363055.0,4384145.0
2002-05-30,33.01,33.53,33.15,33.01,313192.0,3787300.0
2002-05-31,33.34,33.78,32.92,32.76,119810.0,1444756.0
2002-06-03,32.92,32.92,31.52,31.33,271520.0,3154390.0
2002-06-04,31.55,32.68,31.66,31.08,156246.0,1790907.0
2002-06-05,31.58,31.66,30.7,30.5,172625.0,1932613.0
2002-06-06,30.56,32.73,32.24,30.42,319659.0,3691825.0
2002-06-07,32.35,32.9,32.48,32.1,283912.0,3360636.0
2002-06-10,32.48,32.51,32.15,31.93,83920.0,981598.0
2002-06-11,32.15,33.17,33.01,32.15,181804.0,2168880.0
2002-06-12,34.83,34.83,33.2,32.95,388174.0,4727816.0
2002-06-13,29.87,34.11,33.42,29.87,590039.0,7113087.0
2002-06-14,33.72,33.72,32.98,32.7,326986.0,3923705.0
2002-06-17,32.24,33.03,32.62,32.24,135700.0,1606407.0
2002-06-18,32.81,33.53,33.06,32.81,232350.0,2808296.0
2002-06-19,33.03,33.34,33.06,33.03,100770.0,1214751.0
2002-06-20,33.03,33.53,33.09,33.03,78733.0,950351.0
2002-06-21,33.03,34.63,34.3,33.03,572726.0,7115523.0
2002-06-24,37.74,37.74,37.74,35.76,2835297.0,38311758.0
2002-06-25,37.74,37.74,36.56,36.34,1340792.0,18079080.0
2002-06-26,36.34,37.16,36.61,36.01,563411.0,7465296.0
2002-06-27,36.67,37.38,36.67,36.56,661036.0,8869200.0
2002-06-28,36.67,36.67,35.79,35.32,763616.0,9951485.0
2002-07-01,35.79,36.01,35.51,35.51,211200.0,2738124.0
2002-07-02,35.4,36.39,36.28,35.27,288239.0,3756912.0
2002-07-03,36.48,36.61,36.23,36.06,176454.0,2321943.0
2002-07-04,36.15,36.81,35.98,35.93,374301.0,4947618.0
2002-07-05,35.79,39.09,38.18,35.79,3315892.0,45516378.0
2002-07-08,38.13,39.31,38.84,37.58,2218299.0,31088870.0
2002-07-09,38.84,39.86,39.2,38.62,1764899.0,25192764.0
2002-07-10,38.95,39.04,38.49,38.29,1116147.0,15645930.0
2002-07-11,38.27,39.78,38.82,38.24,790975.0,11226079.0
2002-07-12,38.76,42.7,41.29,38.73,5673258.0,86019169.0
2002-07-15,41.05,42.81,41.38,40.91,2376482.0,36147285.0
2002-07-16,41.16,41.84,41.32,40.25,1491507.0,22229736.0
2002-07-17,42.06,42.53,41.87,41.38,984608.0,14988149.0
2002-07-18,41.82,42.89,42.23,41.57,1312567.0,20277791.0
2002-07-19,42.06,42.4,41.65,41.1,1140586.0,17228085.0
2002-07-22,41.65,41.65,40.16,40.05,1649010.0,24376623.0
2002-07-23,40.05,40.69,39.97,39.51,586632.0,8543089.0
2002-07-24,40.08,40.52,40.25,39.89,368148.0,5371920.0
2002-07-25,40.44,41.02,40.47,39.97,330760.0,4880162.0
2002-07-26,40.47,40.55,38.98,38.93,676315.0,9740097.0
2002-07-29,38.76,39.59,39.59,38.62,441601.0,6267956.0
2002-07-30,39.59,39.84,39.31,39.31,153750.0,2210134.0
2002-07-31,39.48,39.78,39.45,39.31,174368.0,2498397.0
2002-08-01,39.4,39.7,39.37,38.84,160415.0,2286954.0
2002-08-02,39.59,40.14,40.11,39.4,321894.0,4663774.0
2002-08-05,40.05,40.47,39.95,39.84,225300.0,3287787.0
2002-08-06,39.64,40.69,40.19,39.59,299890.0,4393220.0
2002-08-07,40.0,40.55,39.92,39.78,109630.0,1599777.0
2002-08-08,40.0,40.25,39.2,39.04,226900.0,3252448.0
2002-08-09,39.15,39.56,38.05,37.77,546300.0,7633547.0
2002-08-12,37.77,38.21,37.03,36.97,360700.0,4925552.0
2002-08-13,37.03,37.6,37.36,37.03,156883.0,2127049.0
2002-08-14,37.36,37.6,37.49,36.89,87055.0,1182424.0
2002-08-15,37.49,37.66,36.89,36.39,204700.0,2754605.0
2002-08-16,36.78,37.58,37.25,36.64,103469.0,1393906.0
2002-08-19,37.25,37.58,37.36,36.97,133854.0,1813743.0
2002-08-20,37.36,38.6,38.43,37.11,386536.0,5359409.0
2002-08-21,39.23,39.23,38.68,38.46,223426.0,3147002.0
2002-08-22,38.76,39.64,38.87,38.68,432712.0,6147027.0
2002-08-23,38.95,39.04,38.32,38.02,184103.0,2580328.0
2002-08-26,38.4,38.76,38.21,38.13,109250.0,1522045.0
2002-08-27,38.02,40.19,39.86,38.02,1015494.0,14599199.0
2002-08-28,39.95,40.19,39.75,39.42,346138.0,5024061.0
2002-08-29,39.45,40.96,40.11,39.45,687755.0,10102904.0
2002-08-30,40.19,40.88,40.85,39.81,689637.0,10179004.0
2002-09-02,40.61,41.38,41.27,40.47,1334701.0,19899575.0
2002-09-03,41.29,41.57,41.4,40.66,667989.0,9954645.0
2002-09-04,40.66,41.27,40.66,40.47,292494.0,4329023.0
2002-09-05,40.52,40.61,39.62,39.59,588545.0,8517190.0
2002-09-06,39.64,40.14,39.51,39.48,193300.0,2787789.0
2002-09-09,39.37,41.57,41.43,39.31,777461.0,11485533.0
2002-09-10,41.16,42.12,42.06,40.83,1734670.0,26211163.0
2002-09-11,41.43,41.98,41.46,41.16,375494.0,5666668.0
2002-09-12,41.32,42.78,42.04,40.88,1282463.0,19609425.0
2002-09-13,41.71,42.62,42.09,41.71,499126.0,7626401.0
2002-09-16,41.93,41.93,41.16,40.52,503283.0,7528439.0
2002-09-17,41.16,42.12,41.95,40.77,396990.0,5986228.0
2002-09-18,41.84,41.98,41.18,41.18,144971.0,2192326.0
2002-09-19,40.96,42.12,41.79,40.88,401767.0,6062085.0
2002-09-20,41.87,41.87,41.07,40.96,242167.0,3641449.0
2002-09-23,41.02,41.29,40.52,40.5,179683.0,2668758.0
2002-09-24,40.52,42.59,41.79,40.22,973411.0,14660943.0
2002-09-25,41.57,43.06,42.89,41.4,2405262.0,37225336.0
2002-09-26,42.48,43.36,42.48,42.42,1020721.0,15945354.0
2002-09-27,42.06,42.67,41.82,41.79,444900.0,6808742.0
2002-10-08,41.79,42.12,41.6,41.29,138200.0,2094218.0
2002-10-09,41.38,41.84,40.66,40.0,588772.0,8778601.0
2002-10-10,40.61,41.24,40.99,40.52,206685.0,3071490.0
2002-10-11,41.02,42.67,41.87,41.02,784410.0,12011360.0
2002-10-14,41.84,42.34,42.23,41.38,236631.0,3595546.0
2002-10-15,41.98,42.53,39.92,39.81,895183.0,13351687.0
2002-10-16,39.59,42.64,42.51,39.31,3161178.0,47616481.0
2002-10-17,42.26,43.66,43.25,41.84,2946808.0,46262393.0
2002-10-18,42.95,44.73,44.6,42.34,2636148.0,41978596.0
2002-10-21,44.02,44.35,44.02,43.55,1121146.0,17915426.0
2002-10-22,44.05,44.71,44.19,43.96,889658.0,14309145.0
2002-10-23,44.05,45.48,45.34,43.52,1236823.0,20132782.0
2002-10-24,45.37,45.53,44.87,44.68,645817.0,10568028.0
2002-10-25,44.82,46.72,46.39,44.82,2522121.0,42058168.0
2002-10-28,46.25,47.52,47.24,45.7,2016683.0,34334209.0
2002-10-29,46.77,47.9,47.21,45.81,1793257.0,30494819.0
2002-10-30,46.8,48.04,46.74,44.95,3072971.0,52362073.0
2002-10-31,46.47,46.47,44.93,44.84,651134.0,10702480.0
2002-11-01,44.71,45.18,44.79,44.21,556049.0,9061094.0
2002-11-04,44.82,47.6,47.57,44.82,1292719.0,21892783.0
2002-11-05,47.57,50.05,49.77,47.08,2525631.0,44970795.0
2002-11-06,49.8,51.15,48.29,48.12,2445012.0,43694648.0
2002-11-07,48.15,48.73,48.45,47.9,689333.0,12094999.0
2002-11-08,49.28,49.44,46.66,46.03,1026020.0,17576080.0
2002-11-11,46.11,47.05,45.42,44.49,943498.0,15846966.0
2002-11-12,45.42,47.49,46.8,45.42,1034905.0,17465789.0
2002-11-13,46.8,47.1,46.8,45.67,458861.0,7765295.0
2002-11-14,46.52,46.8,46.55,45.7,548600.0,9238743.0
2002-11-15,45.75,47.49,46.74,45.75,544233.0,9190949.0
2002-11-18,46.77,48.23,47.79,46.19,850808.0,14717043.0
2002-11-19,47.74,48.37,46.85,46.52,1118671.0,19184738.0
2002-11-20,46.55,46.55,42.17,42.17,1208541.0,19203083.0
2002-11-21,41.27,43.22,42.45,39.92,1831161.0,27817633.0
2002-11-22,42.89,46.69,45.29,42.4,1292375.0,21094969.0
2002-11-25,45.01,46.47,42.84,41.84,1826638.0,29187391.0
2002-11-26,42.67,44.19,43.99,42.62,701045.0,11079951.0
2002-11-27,43.96,45.86,45.12,43.03,1012815.0,16530873.0
2002-11-28,45.12,45.81,45.73,44.98,553135.0,9153958.0
2002-11-29,45.7,48.2,47.76,45.67,1330364.0,22832047.0
2002-12-02,47.82,47.82,44.76,44.62,878958.0,14478525.0
2002-12-03,44.82,49.0,46.69,42.95,769745.0,13045635.0
2002-12-04,46.94,49.0,47.74,46.11,1278672.0,22393471.0
2002-12-05,47.46,48.31,46.99,46.52,414502.0,7131841.0
2002-12-06,46.83,48.98,47.6,46.58,301503.0,5250278.0
2002-12-09,47.02,48.45,46.47,45.92,505300.0,8636586.0
2002-12-10,47.32,47.32,45.84,45.31,433062.0,7252292.0
2002-12-11,45.42,45.95,45.78,45.18,139994.0,2312004.0
2002-12-12,45.15,46.52,45.4,45.15,204072.0,3401537.0
2002-12-13,45.15,45.92,45.45,44.93,236933.0,3896351.0
2002-12-16,45.48,48.37,48.34,45.48,1499448.0,26026980.0
2002-12-18,48.31,50.08,49.63,48.12,1659357.0,29734820.0
2002-12-19,49.63,50.24,49.69,49.0,359524.0,6499392.0
2002-12-20,49.69,50.21,48.62,48.45,504093.0,9017383.0
2002-12-23,48.2,49.2,46.99,46.72,822767.0,14235887.0
2002-12-24,46.83,47.35,47.1,46.5,457488.0,7786235.0
2002-12-25,47.63,47.63,46.55,46.44,464539.0,7888325.0
2002-12-26,46.3,47.19,46.0,45.7,347750.0,5824265.0
2002-12-27,46.0,46.3,45.97,45.15,242978.0,4047611.0
2002-12-30,45.95,46.22,45.48,43.22,548878.0,8958981.0
2002-12-31,45.29,47.16,46.19,45.23,580424.0,9857658.0
2003-01-02,45.45,48.04,47.02,45.42,544591.0,9376414.0
2003-01-03,47.05,51.18,48.26,47.05,1193661.0,21323135.0
2003-01-06,48.29,49.8,49.55,47.35,671281.0,11898870.0
2003-01-07,49.28,50.93,50.65,48.73,1160552.0,21141347.0
2003-01-08,49.88,51.04,50.3,49.77,520731.0,9578308.0
2003-01-09,49.69,51.4,48.04,47.85,2275993.0,41375728.0
2003-01-10,48.04,48.67,47.57,47.35,380560.0,6607265.0
2003-01-13,47.16,48.12,47.85,47.05,124610.0,2159624.0
2003-01-14,47.85,49.28,48.42,47.38,764209.0,13338174.0
2003-01-15,48.42,48.73,46.41,46.25,1161545.0,19772822.0
2003-01-16,46.39,47.74,47.32,46.36,486915.0,8306537.0
2003-01-17,47.27,47.27,46.74,46.36,280510.0,4777210.0
2003-01-20,46.52,47.38,47.13,46.47,364865.0,6243888.0
2003-01-21,47.65,47.65,47.16,47.02,355655.0,6108030.0
2003-01-22,47.63,47.63,46.39,45.64,329408.0,5563117.0
2003-01-23,46.25,46.25,45.45,45.42,292057.0,4841583.0
2003-01-24,45.42,45.84,45.62,45.37,222336.0,3677482.0
2003-01-27,45.62,46.77,46.63,45.62,247179.0,4173125.0
2003-01-28,46.74,46.94,46.03,45.97,169737.0,2858097.0
2003-01-29,46.11,46.14,45.53,45.45,158350.0,2631907.0
2003-02-10,45.59,47.9,47.87,45.59,831732.0,14281311.0
2003-02-11,47.85,48.67,48.56,47.49,559517.0,9786552.0
2003-02-12,48.45,49.55,48.95,47.76,713100.0,12731378.0
2003-02-13,48.73,49.28,49.17,48.07,416492.0,7379330.0
2003-02-14,49.17,50.3,49.97,48.45,1228491.0,22153587.0
2003-02-17,50.1,50.93,50.08,49.28,1102999.0,20117580.0
2003-02-18,49.55,50.24,48.67,47.54,2279700.0,40173971.0
2003-02-19,48.18,50.93,50.85,47.79,1473828.0,26593664.0
2003-02-20,50.85,50.93,49.97,49.55,676096.0,12322984.0
2003-02-21,49.83,50.93,50.85,49.28,639967.0,11712328.0
2003-02-24,50.93,53.57,53.49,50.65,1979578.0,37424637.0
2003-02-25,52.97,53.16,52.97,51.12,998922.0,18894341.0
2003-02-26,52.31,52.58,51.76,51.7,163764.0,3089089.0
2003-02-27,51.09,54.23,52.83,51.09,714819.0,13839334.0
2003-02-28,51.84,52.86,52.58,51.76,134535.0,2554617.0
2003-03-03,52.55,52.55,52.0,51.48,151137.0,2845111.0
2003-03-04,51.62,55.06,54.76,51.62,1381522.0,27235146.0
2003-03-05,54.42,55.22,54.78,52.25,1453026.0,28302498.0
2003-03-06,53.1,53.82,52.58,51.76,1482248.0,28240740.0
2003-03-07,52.58,53.13,52.47,51.15,986900.0,18606215.0
2003-03-10,52.31,52.99,50.19,49.97,2182474.0,40903133.0
2003-03-11,49.69,50.65,49.66,49.22,582895.0,10490812.0
2003-03-12,49.03,50.21,49.55,49.03,124141.0,2238762.0
2003-03-13,49.55,51.15,50.87,49.55,281469.0,5152975.0
2003-03-14,50.6,51.4,49.88,49.5,370886.0,6703464.0
2003-03-17,49.55,51.18,49.55,49.33,232428.0,4191329.0
2003-03-18,49.58,50.05,49.41,49.39,245655.0,4426607.0
2003-03-19,49.36,49.36,48.75,47.96,359545.0,6326156.0
2003-03-20,48.75,50.24,49.69,48.73,178726.0,3226643.0
2003-03-21,49.69,50.08,49.91,49.55,86601.0,1565795.0
2003-03-24,49.91,50.63,50.41,49.66,116673.0,2123412.0
2003-03-25,50.38,50.65,49.97,49.58,131813.0,2399062.0
2003-03-26,49.55,50.02,49.0,48.75,142759.0,2549804.0
2003-03-27,48.98,49.97,49.83,48.56,447057.0,7997927.0
2003-03-28,49.83,49.83,49.25,49.14,117950.0,2113856.0
2003-03-31,49.25,50.13,49.91,48.98,253698.0,4568304.0
2003-04-01,49.83,49.83,49.47,49.25,109024.0,1956651.0
2003-04-02,46.8,49.97,49.28,46.8,179647.0,3181173.0
2003-04-03,48.92,49.47,49.03,48.67,132966.0,2365935.0
2003-04-04,48.95,49.52,49.41,48.53,101260.0,1805640.0
2003-04-07,49.25,50.82,50.52,48.87,343374.0,6248926.0
2003-04-08,50.52,51.29,49.77,49.74,943671.0,17424888.0
2003-04-09,49.55,49.99,49.28,48.45,205995.0,3680025.0
2003-04-10,49.28,49.99,49.58,48.45,1413654.0,25049995.0
2003-04-11,45.78,50.38,49.33,45.78,391139.0,6979171.0
2003-04-14,48.73,49.28,48.51,48.45,288008.0,5090980.0
2003-04-15,48.51,48.53,46.91,46.8,742614.0,12746937.0
2003-04-16,49.28,49.28,47.27,46.8,304360.0,5244300.0
2003-04-17,47.35,47.6,46.69,46.36,195049.0,3325668.0
2003-04-18,46.39,47.49,46.44,45.84,294122.0,4947128.0
2003-04-21,46.66,46.74,45.84,45.29,244395.0,4061177.0
2003-04-22,45.78,47.9,47.74,45.29,437594.0,7438332.0
2003-04-23,47.63,47.9,47.68,46.8,331440.0,5721594.0
2003-04-24,48.42,48.7,47.08,45.7,171900.0,2936066.0
2003-04-25,47.08,47.1,45.53,45.29,117400.0,1959516.0
2003-04-28,45.45,45.53,45.15,43.77,149365.0,2434932.0
2003-04-29,45.15,45.64,45.12,44.1,130103.0,2121277.0
2003-04-30,44.93,44.93,44.35,44.27,64678.0,1042568.0
2003-05-12,44.32,44.43,43.8,43.77,48800.0,781439.0
2003-05-13,43.36,46.19,44.87,41.32,394171.0,6421541.0
2003-05-14,45.15,47.02,46.8,44.87,697658.0,11749588.0
2003-05-16,48.18,48.18,47.3,45.42,878941.0,14791841.0
2003-05-19,46.58,47.68,47.6,45.42,734593.0,12495144.0
2003-05-20,46.19,46.83,45.81,45.42,681736.0,11329552.0
2003-05-21,45.15,46.66,46.14,44.87,333999.0,5528898.0
2003-05-22,45.97,45.97,45.06,44.6,164100.0,2686670.0
2003-05-23,44.62,45.97,45.48,44.3,217135.0,3558754.0
2003-05-26,44.82,47.08,46.22,44.65,717139.0,12068141.0
2003-05-27,45.34,46.11,45.62,45.34,20510.0,340604.0
2003-05-28,45.56,46.36,45.62,45.56,46380.0,771788.0
2003-05-29,45.64,45.95,45.59,45.37,915161.0,15152876.0
2003-05-30,45.59,46.22,45.29,45.15,73029.0,1205043.0
2003-06-02,45.78,45.78,45.42,44.76,49204.0,810211.0
2003-06-03,45.01,45.42,45.34,44.93,66360.0,1086822.0
2003-06-04,44.95,45.4,45.23,44.95,21914.0,359625.0
2003-06-05,45.23,45.95,44.9,44.49,47989.0,789181.0
2003-06-06,43.88,45.37,44.57,43.88,31993.0,519019.0
2003-06-09,44.98,45.4,44.52,44.05,92810.0,1502304.0
2003-06-10,44.57,46.74,46.58,44.54,757048.0,12653595.0
2003-06-11,46.25,47.02,46.77,46.25,237624.0,4026836.0
2003-06-12,46.94,48.15,46.77,46.69,402300.0,6925486.0
2003-06-13,47.63,49.09,48.7,46.8,923909.0,16213566.0
2003-06-16,48.7,48.7,47.74,47.68,80750.0,1411012.0
2003-06-17,48.45,50.68,48.7,48.45,203332.0,3654922.0
2003-06-18,49.55,50.08,49.0,44.87,610040.0,10561004.0
2003-06-19,47.35,48.42,47.74,46.83,1592247.0,27731737.0
2003-06-20,46.58,48.56,47.6,46.25,475931.0,8182145.0
2003-06-23,46.8,48.73,46.52,46.28,422517.0,7252078.0
2003-06-24,46.83,47.21,45.34,44.05,810216.0,13413360.0
2003-06-25,44.32,45.26,44.73,43.44,1104885.0,17670945.0
2003-06-26,43.5,45.26,44.32,43.44,1728731.0,27762910.0
2003-06-27,44.05,45.15,44.54,43.83,412976.0,6653061.0
2003-06-30,43.52,44.18,43.22,41.4,976042.0,14945704.0
2003-07-01,42.28,44.27,43.85,41.84,464310.0,7394164.0
2003-07-02,42.84,44.05,43.91,42.84,276606.0,4414895.0
2003-07-03,43.94,44.24,44.16,43.25,255586.0,4051704.0
2003-07-04,44.05,44.49,44.05,43.77,151676.0,2433023.0
2003-07-07,44.05,44.05,43.47,43.28,21000.0,332031.0
2003-07-08,43.36,43.96,43.85,43.36,15141.0,239923.0
2003-07-09,43.77,43.77,42.97,42.95,60420.0,948323.0
2003-07-10,43.0,44.05,44.05,41.9,307138.0,4757714.0
2003-07-11,42.97,43.88,43.0,42.92,29400.0,464318.0
2003-07-14,41.95,43.5,43.0,41.95,70550.0,1105330.0
2003-07-15,42.67,43.0,42.67,42.4,90610.0,1401631.0
2003-07-17,42.17,42.81,42.48,42.12,64977.0,997455.0
2003-07-18,41.9,42.67,41.95,41.84,54085.0,827685.0
2003-07-21,41.54,41.73,41.35,40.96,79950.0,1203216.0
2003-07-22,41.35,42.73,42.26,41.29,169249.0,2595176.0
2003-07-23,41.79,42.45,42.01,41.79,12601.0,193255.0
2003-07-24,41.87,42.31,41.9,41.87,6300.0,96101.0
2003-07-25,41.87,42.04,41.84,41.84,26000.0,396130.0
2003-07-28,41.71,42.53,41.71,41.71,7903.0,120004.0
2003-07-29,42.48,42.53,42.06,41.43,233600.0,3572072.0
2003-07-30,42.28,42.31,42.31,41.57,55323.0,843838.0
2003-07-31,41.51,42.06,41.84,41.51,29403.0,448210.0
2003-08-01,41.49,41.82,41.43,41.29,12200.0,184014.0
2003-08-04,41.29,41.98,41.51,41.29,25100.0,377907.0
2003-08-05,41.79,41.84,41.76,41.57,21000.0,318080.0
2003-08-06,42.01,42.04,41.73,41.43,14624.0,221244.0
2003-08-07,41.43,41.87,41.29,41.02,62453.0,937714.0
2003-08-08,40.74,41.73,41.51,40.74,49421.0,745939.0
2003-08-11,41.57,41.62,41.49,41.32,42646.0,643354.0
2003-08-12,41.54,41.84,41.57,41.29,42808.0,644283.0
2003-08-13,41.57,41.79,41.49,41.49,24080.0,363978.0
2003-08-14,41.73,41.73,41.43,41.43,38300.0,577705.0
2003-08-15,41.62,42.4,41.87,40.8,85810.0,1305902.0
2003-08-18,42.12,42.12,42.04,41.79,34400.0,523421.0
2003-08-19,42.26,42.26,41.93,41.93,15567.0,237924.0
2003-08-20,42.04,44.87,43.36,41.98,747672.0,11828324.0
2003-08-21,43.5,44.57,44.05,43.0,267371.0,4251933.0
2003-08-22,44.05,45.7,44.87,42.95,378254.0,6165827.0
2003-08-25,44.07,45.56,44.93,43.77,746608.0,12239673.0
2003-08-26,44.41,44.73,44.05,43.5,127600.0,2038716.0
2003-08-27,43.63,44.54,43.99,43.63,154000.0,2475362.0
2003-08-28,44.05,44.84,44.6,42.97,262700.0,4231507.0
2003-08-29,44.82,44.82,44.35,43.55,319600.0,5162045.0
2003-09-01,44.82,45.01,44.32,44.07,26352.0,425196.0
2003-09-02,44.38,44.38,44.1,43.77,46109.0,736434.0
2003-09-03,44.54,44.6,44.13,43.69,22899.0,364570.0
2003-09-04,44.32,44.46,44.18,43.55,31100.0,496328.0
2003-09-05,43.63,44.32,44.27,43.44,1222562.0,19539470.0
2003-09-08,44.05,44.84,44.65,43.99,969534.0,15730928.0
2003-09-09,44.71,45.2,44.82,44.65,5009459.0,81616712.0
2003-09-10,45.15,45.15,44.84,43.47,1045544.0,16789300.0
2003-09-11,44.79,44.84,44.41,43.52,182600.0,2949627.0
2003-09-12,44.27,44.57,44.27,43.55,53432.0,855344.0
2003-09-15,44.46,44.46,43.55,43.52,926300.0,14683204.0
2003-09-16,43.72,45.62,44.79,43.72,999835.0,16387849.0
2003-09-17,45.15,45.29,44.35,44.35,324159.0,5318512.0
2003-09-18,44.13,44.57,44.05,43.77,20300.0,325074.0
2003-09-19,44.46,44.87,44.49,43.88,73200.0,1175405.0
2003-09-22,44.46,44.82,44.27,44.27,32401.0,523417.0
2003-09-23,43.99,44.73,44.3,41.84,1404646.0,22373625.0
2003-09-24,43.17,46.69,44.46,42.95,340989.0,5562230.0
2003-09-25,44.05,44.54,42.37,42.01,432260.0,6689358.0
2003-09-26,42.37,42.95,42.84,41.02,564110.0,8606916.0
2003-09-29,41.65,42.34,42.2,41.32,64082.0,974912.0
2003-09-30,41.43,42.56,41.84,41.02,136800.0,2078919.0
2003-10-08,41.73,42.31,41.62,41.49,27522.0,417526.0
2003-10-09,42.26,43.22,41.76,40.74,638600.0,9636864.0
2003-10-10,40.96,41.43,41.13,40.74,217783.0,3227320.0
2003-10-13,41.82,41.82,40.83,40.77,42200.0,626228.0
2003-10-14,40.96,40.96,40.74,40.74,27335.0,404793.0
2003-10-15,40.88,40.96,40.94,40.77,28275.0,419289.0
2003-10-16,40.8,41.16,40.96,39.09,314654.0,4670870.0
2003-10-17,41.13,41.13,40.91,40.03,132350.0,1952280.0
2003-10-20,40.85,40.88,40.74,40.74,61366.0,908573.0
2003-10-21,41.24,41.46,40.96,39.53,783956.0,11575388.0
2003-10-22,40.0,41.29,41.13,40.0,1170300.0,17366562.0
2003-10-23,41.18,41.57,41.07,39.67,1751000.0,26032340.0
2003-10-24,40.22,40.74,40.72,39.92,91700.0,1337736.0
2003-10-27,40.11,40.74,39.92,39.64,256900.0,3772602.0
2003-10-28,39.89,40.41,40.25,39.37,89803.0,1300906.0
2003-10-29,39.26,40.0,39.89,38.16,524000.0,7472925.0
2003-10-30,39.56,39.92,39.86,38.6,73530.0,1057172.0
2003-10-31,39.73,40.8,40.69,39.09,180352.0,2642096.0
2003-11-03,40.69,40.91,40.77,39.92,2235100.0,33005995.0
2003-11-04,40.74,41.54,40.83,39.78,684620.0,10065751.0
2003-11-05,40.74,41.24,40.83,39.09,747268.0,10837506.0
2003-11-06,40.22,40.47,40.33,39.37,63300.0,920620.0
2003-11-07,39.92,40.19,40.0,39.15,48700.0,702721.0
2003-11-10,39.92,39.92,39.89,39.01,195050.0,2795886.0
2003-11-11,39.23,41.51,41.38,39.23,1426503.0,21075546.0
2003-11-12,40.47,43.85,43.85,40.47,2956974.0,45394603.0
2003-11-13,43.03,45.09,45.01,42.34,1847364.0,29738261.0
2003-11-14,44.87,44.87,44.05,44.05,411175.0,6656410.0
2003-11-17,44.46,44.87,44.32,43.83,444200.0,7181737.0
2003-11-18,43.8,44.82,44.38,43.8,325528.0,5237142.0
2003-11-19,44.18,44.82,44.35,42.81,445800.0,7164795.0
2003-11-20,44.6,44.82,44.1,42.34,365392.0,5775228.0
2003-11-21,42.95,43.5,43.47,42.67,135410.0,2117885.0
2003-11-24,43.28,43.36,42.34,42.12,284010.0,4369479.0
2003-11-25,42.12,42.64,42.23,41.84,852700.0,13109782.0
2003-11-26,42.23,42.59,42.23,41.54,782506.0,11951890.0
2003-11-27,42.17,42.17,41.57,41.27,839770.0,12683607.0
2003-11-28,41.79,42.06,41.93,41.57,1040818.0,15842092.0
2003-12-02,42.06,42.28,41.18,40.96,236600.0,3554353.0
2003-12-03,40.96,41.68,40.66,40.14,395891.0,5812215.0
2003-12-04,40.19,40.33,40.0,39.64,103320.0,1496439.0
2003-12-05,39.92,40.47,40.25,39.92,82159.0,1201326.0
2003-12-08,40.25,40.47,39.92,39.92,45290.0,658822.0
2003-12-09,40.11,40.19,39.92,39.89,63900.0,927647.0
2003-12-10,39.89,40.11,39.84,39.64,31200.0,451661.0
2003-12-11,39.75,39.89,39.12,38.54,154559.0,2201244.0
2003-12-12,39.64,39.64,39.09,38.46,311082.0,4373993.0
2003-12-15,39.09,39.09,38.54,38.16,184100.0,2573581.0
2003-12-16,38.18,39.09,38.18,37.16,643593.0,8957260.0
2003-12-17,37.96,37.96,36.89,36.89,388060.0,5241381.0
2003-12-18,36.89,37.16,34.69,34.69,263700.0,3411423.0
2003-12-19,34.69,34.69,31.22,31.22,629000.0,7205536.0
2003-12-22,28.11,28.11,28.11,28.11,65500.0,668755.0
2003-12-23,25.3,25.3,25.3,25.3,444600.0,4085874.0
2003-12-24,22.77,26.29,24.09,22.77,5795833.0,48729145.0
2003-12-25,22.46,23.01,22.63,21.72,3623102.0,29574802.0
2003-12-26,22.44,22.82,22.02,21.75,4216751.0,34140472.0
2003-12-29,21.89,22.02,20.65,20.4,2313482.0,17693972.0
2003-12-30,20.43,21.09,20.73,20.23,1151456.0,8655582.0
2003-12-31,20.73,20.73,19.16,19.13,3682391.0,26195714.0
2004-01-02,19.02,19.66,19.02,18.75,1340591.0,9306601.0
2004-01-05,18.94,19.3,18.42,18.25,2798700.0,18899121.0
2004-01-06,18.42,18.53,17.54,17.21,3489613.0,22330457.0
2004-01-07,17.37,18.47,18.39,17.34,2704682.0,17718459.0
2004-01-08,19.77,20.23,20.23,19.63,1105082.0,8103225.0
2004-01-09,21.45,22.27,22.27,20.95,7776681.0,61418795.0
2004-01-12,22.27,22.38,21.72,21.14,2550633.0,20215267.0
2004-01-13,21.75,23.37,22.79,21.47,2527895.0,20610598.0
2004-01-14,22.74,23.26,22.52,22.02,1614464.0,13210191.0
2004-01-15,22.55,22.79,21.78,21.75,1398572.0,11264866.0
2004-01-16,21.75,21.75,21.25,20.79,1840578.0,14129939.0
2004-01-29,21.31,21.94,21.86,21.23,811460.0,6397034.0
2004-01-30,21.94,23.37,22.52,21.94,2429028.0,20168580.0
2004-02-02,22.6,23.26,22.85,22.6,1999159.0,16647407.0
2004-02-03,22.85,25.13,24.78,22.63,4228185.0,37035240.0
2004-02-04,24.72,26.12,25.68,23.98,3618194.0,33088466.0
2004-02-05,25.82,28.25,28.25,25.68,4856665.0,48261411.0
2004-02-06,28.36,30.78,27.97,27.86,4177971.0,44117542.0
2004-02-09,27.97,28.08,27.69,26.65,2430009.0,24156506.0
2004-02-10,27.53,29.43,28.36,27.53,2093150.0,21707542.0
2004-02-11,28.36,28.57,28.0,27.25,1327924.0,13377499.0
2004-02-12,27.8,29.13,28.33,27.67,1362323.0,14054416.0
2004-02-13,28.55,29.02,28.88,28.22,1691175.0,17639465.0
2004-02-16,29.13,29.62,29.59,28.85,1785952.0,18997468.0
2004-02-17,29.57,29.57,28.91,28.77,1750449.0,18467115.0
2004-02-18,28.77,28.88,28.44,28.25,1463354.0,15127493.0
2004-02-19,28.44,29.4,29.13,28.44,1155789.0,12175468.0
2004-02-20,29.32,29.32,28.71,28.46,808333.0,8407153.0
2004-02-23,28.71,28.74,27.56,27.47,1182031.0,12073551.0
2004-02-24,27.45,27.45,27.03,25.91,1129870.0,11031461.0
2004-02-25,27.03,28.36,27.53,27.03,1287246.0,12976963.0
2004-02-26,27.5,28.33,27.25,27.01,1334898.0,13443130.0
2004-02-27,27.25,27.39,27.23,26.21,979904.0,9484887.0
2004-03-01,27.03,27.25,27.23,26.43,679537.0,6628012.0
2004-03-02,27.12,29.95,29.9,26.98,4306460.0,45523537.0
2004-03-03,29.73,29.73,28.25,28.02,2407603.0,25106905.0
2004-03-04,28.02,28.85,28.66,27.53,1081497.0,11161358.0
2004-03-05,28.91,29.62,28.77,28.66,1441594.0,15264989.0
2004-03-08,28.77,28.85,27.53,27.47,1006708.0,10173315.0
2004-03-09,27.31,27.8,26.76,26.65,630922.0,6266725.0
2004-03-10,26.7,27.42,27.34,26.43,729399.0,7083083.0
2004-03-11,27.31,27.8,27.42,27.03,524561.0,5213253.0
2004-03-12,27.42,27.8,27.47,27.25,401345.0,4001140.0
2004-03-15,27.42,27.89,27.83,27.06,761452.0,7603161.0
2004-03-16,27.86,29.04,28.63,27.86,1036498.0,10737210.0
2004-03-17,28.57,28.74,28.22,27.94,575671.0,5900174.0
2004-03-18,28.49,28.66,27.45,27.42,688074.0,6955842.0
2004-03-19,27.01,27.86,27.8,27.01,551589.0,5489897.0
2004-03-22,27.67,27.8,27.75,27.25,400880.0,4012092.0
2004-03-23,27.8,28.25,28.22,27.53,436084.0,4408908.0
2004-03-24,28.36,29.04,28.46,28.16,1133606.0,11812491.0
2004-03-25,28.46,28.91,28.22,27.94,623232.0,6406589.0
2004-03-26,28.22,28.3,27.8,27.67,400225.0,4049969.0
2004-03-29,27.8,27.8,27.5,27.12,403571.0,4025297.0
2004-03-30,27.25,27.69,27.67,27.25,260040.0,2594603.0
2004-03-31,27.86,28.08,27.75,27.47,469471.0,4727874.0
2004-04-01,28.0,28.0,27.53,27.42,558731.0,5590419.0
2004-04-02,27.53,28.19,28.16,27.45,581186.0,5858761.0
2004-04-05,28.36,28.52,27.94,27.8,416967.0,4242289.0
2004-04-06,27.97,29.13,28.82,27.94,1875812.0,19620638.0
2004-04-07,29.04,31.71,31.05,28.96,5261802.0,58857504.0
2004-04-08,30.97,30.97,30.86,29.79,2273768.0,25033540.0
2004-04-09,30.83,31.63,30.23,30.01,1588398.0,17854818.0
2004-04-12,29.87,30.56,29.7,29.04,939497.0,10120263.0
2004-04-13,29.7,30.25,29.04,28.8,916062.0,9763585.0
2004-04-14,29.07,29.07,28.0,26.57,1325906.0,13350500.0
2004-04-15,27.94,27.94,26.57,26.45,999730.0,9820819.0
2004-04-16,26.43,26.7,25.41,24.28,1343462.0,12403148.0
2004-04-19,25.33,25.68,24.83,24.72,472070.0,4303991.0
2004-04-20,24.94,26.12,25.85,24.8,445462.0,4115680.0
2004-04-21,25.82,26.02,25.52,25.27,277240.0,2577776.0
2004-04-22,25.46,25.88,25.68,25.05,171729.0,1583396.0
2004-04-23,25.88,25.96,24.8,24.78,291100.0,2661199.0
2004-04-26,24.45,24.72,23.23,23.15,695709.0,6002574.0
2004-04-27,23.26,24.23,23.21,22.85,366243.0,3114665.0
2004-04-28,23.29,23.68,23.45,22.99,292556.0,2487871.0
2004-04-30,23.1,23.54,23.26,22.66,208380.0,1757416.0
2004-05-10,23.21,23.43,22.99,22.99,145261.0,1224576.0
2004-05-11,22.71,23.29,23.04,22.71,94208.0,788119.0
2004-05-12,22.93,23.81,23.79,22.93,164599.0,1403751.0
2004-05-13,23.95,23.95,23.62,23.54,188742.0,1623709.0
2004-05-14,23.43,23.43,22.71,22.57,247600.0,2057895.0
2004-05-17,22.02,23.48,22.24,21.8,163200.0,1330096.0
2004-05-18,22.24,22.93,22.85,22.24,155200.0,1272459.0
2004-05-19,23.07,23.34,22.79,22.79,231651.0,1944029.0
2004-05-20,22.9,23.15,22.66,22.44,94500.0,780894.0
2004-05-21,22.88,22.88,22.52,22.3,102930.0,843436.0
2004-05-24,22.79,22.79,22.63,22.38,127099.0,1040374.0
2004-05-25,22.6,22.6,21.72,21.47,260320.0,2070314.0
2004-05-26,21.61,21.83,21.5,21.39,151505.0,1186100.0
2004-05-27,21.2,22.16,22.0,21.09,185941.0,1465099.0
2004-05-28,22.02,22.3,21.66,21.58,165062.0,1303617.0
2004-05-31,21.58,21.94,21.69,21.58,74050.0,582953.0
2004-06-01,21.89,22.24,22.24,21.45,213322.0,1698322.0
2004-06-02,22.3,22.9,22.79,22.3,330329.0,2711166.0
2004-06-03,23.07,24.8,23.34,23.07,1029124.0,8944680.0
2004-06-04,22.99,22.99,22.57,22.44,377160.0,3106671.0
2004-06-07,22.44,22.46,21.97,21.89,241734.0,1933356.0
2004-06-08,21.89,22.44,22.13,21.89,154320.0,1242501.0
2004-06-09,22.13,22.13,21.36,21.2,154100.0,1219297.0
2004-06-10,21.2,21.55,21.28,20.73,175970.0,1358538.0
2004-06-11,21.42,23.1,21.83,21.42,322490.0,2604565.0
2004-06-14,21.83,21.97,21.2,20.92,184272.0,1412580.0
2004-06-15,21.25,21.89,21.83,21.23,124200.0,970619.0
2004-06-16,21.75,22.16,21.91,21.72,130000.0,1036917.0
2004-06-17,22.02,22.05,21.39,21.25,81940.0,644501.0
2004-06-18,21.5,21.55,21.34,21.06,104810.0,810672.0
2004-06-21,20.81,21.45,21.39,20.81,58709.0,454621.0
2004-06-22,21.39,21.89,21.61,21.34,171940.0,1353054.0
2004-06-23,21.61,21.78,21.58,21.47,100271.0,785495.0
2004-06-24,21.75,21.75,21.5,21.5,97070.0,762519.0
2004-06-25,21.36,21.42,20.65,20.59,140000.0,1066151.0
2004-06-28,19.93,20.51,19.66,19.63,116629.0,847734.0
2004-06-29,19.32,19.82,19.52,19.27,154716.0,1095090.0
2004-06-30,19.6,19.79,19.3,19.3,67800.0,481161.0
2004-07-01,19.32,20.01,19.93,19.3,146308.0,1051411.0
2004-07-02,19.9,20.26,20.04,19.82,99060.0,719916.0
2004-07-05,20.04,20.04,19.88,19.57,52337.0,375719.0
2004-07-06,19.85,20.29,20.07,19.77,114845.0,836770.0
2004-07-07,19.96,19.96,19.63,19.46,44900.0,322368.0
2004-07-08,19.63,19.79,19.77,19.49,75300.0,535680.0
2004-07-09,19.82,19.9,19.6,19.55,45300.0,323883.0
2004-07-12,19.32,19.32,18.39,18.31,219740.0,1495398.0
2004-07-13,18.55,18.66,18.45,18.36,86900.0,582958.0
2004-07-14,18.61,18.61,17.76,17.34,145929.0,952003.0
2004-07-15,17.89,18.31,18.11,17.76,108141.0,707408.0
2004-07-16,18.09,18.97,18.86,17.89,226834.0,1526526.0
2004-07-19,18.83,18.86,18.58,18.47,126029.0,853135.0
2004-07-20,18.58,18.58,18.39,18.25,97400.0,650608.0
2004-07-21,18.5,18.5,18.36,18.25,47974.0,319783.0
2004-07-22,18.42,18.42,18.06,18.03,151698.0,1002096.0
2004-07-23,17.89,17.95,17.95,17.62,103199.0,666695.0
2004-07-26,17.65,17.84,17.34,17.34,102700.0,654851.0
2004-07-27,17.65,17.81,17.56,17.34,66000.0,420626.0
2004-07-28,17.62,17.89,17.76,17.48,48351.0,309000.0
2004-07-29,17.76,18.09,18.06,17.7,75649.0,491945.0
2004-07-30,18.03,18.17,17.89,17.78,121600.0,797584.0
2004-08-02,17.87,17.89,17.48,17.48,46500.0,297802.0
2004-08-03,17.4,17.92,17.62,17.37,57499.0,368772.0
2004-08-04,17.59,19.32,18.66,17.59,592589.0,4040436.0
2004-08-05,18.58,19.13,18.66,18.17,499140.0,3398516.0
2004-08-06,18.55,18.86,18.47,18.25,159398.0,1068894.0
2004-08-09,18.66,18.66,18.31,18.22,86219.0,573722.0
2004-08-10,18.58,18.8,18.75,18.31,98617.0,664764.0
2004-08-11,18.44,18.5,18.09,18.09,150580.0,998197.0
2004-08-12,17.76,17.89,17.84,17.34,129670.0,828278.0
2004-08-13,17.92,17.92,17.87,17.65,35000.0,226817.0
2004-08-16,17.76,17.95,17.56,17.4,71432.0,455308.0
2004-08-17,17.84,17.87,17.84,17.56,55713.0,358717.0
2004-08-18,17.81,18.03,17.81,17.62,56799.0,366426.0
2004-08-19,17.51,17.73,17.56,17.37,88148.0,558731.0
2004-08-20,17.43,17.62,17.43,17.07,91600.0,576799.0
2004-08-23,17.34,17.34,16.85,16.57,112342.0,685353.0
2004-08-24,16.79,17.48,17.32,16.79,116400.0,726776.0
2004-08-25,17.07,18.0,17.62,17.07,107431.0,686587.0
2004-08-26,17.62,17.76,17.32,17.21,60500.0,381819.0
2004-08-27,17.21,17.54,17.07,17.04,58600.0,365493.0
2004-08-30,16.96,17.23,17.01,16.79,41700.0,255481.0
2004-08-31,17.4,17.84,17.56,17.15,100999.0,642622.0
2004-09-01,17.48,17.65,17.21,17.12,48977.0,307187.0
2004-09-02,17.1,17.43,17.37,16.96,60687.0,377404.0
2004-09-03,17.51,17.51,17.29,17.1,38500.0,241828.0
2004-09-06,17.15,17.32,17.32,17.15,17900.0,112016.0
2004-09-07,17.23,17.45,17.29,17.23,53450.0,336401.0
2004-09-08,17.32,17.48,17.15,17.07,71951.0,450686.0
2004-09-09,17.15,17.23,17.01,16.98,62600.0,388518.0
2004-09-10,16.74,16.96,16.9,16.74,47500.0,290885.0
2004-09-13,16.74,16.79,16.21,16.05,78500.0,471264.0
2004-09-14,16.55,17.48,16.85,16.52,96100.0,589367.0
2004-09-15,17.01,18.42,17.87,16.96,483704.0,3128649.0
2004-09-16,18.11,18.91,18.47,17.87,453973.0,3020115.0
2004-09-17,18.45,19.05,19.0,18.42,660176.0,4492329.0
2004-09-20,18.75,20.26,20.04,18.75,782885.0,5602742.0
2004-09-21,20.04,20.12,19.74,19.46,538525.0,3865671.0
2004-09-22,19.68,19.68,18.69,18.58,550779.0,3824292.0
2004-09-23,18.69,19.19,19.19,18.58,341101.0,2342927.0
2004-09-24,19.19,19.55,18.83,18.77,598661.0,4187023.0
2004-09-27,19.08,19.21,18.22,18.14,238197.0,1607778.0
2004-09-28,18.33,18.61,18.33,18.11,103838.0,688335.0
2004-09-29,18.66,18.66,17.95,17.89,124189.0,816656.0
2004-09-30,18.17,18.44,18.11,17.89,210689.0,1387324.0
2004-10-08,18.11,18.44,18.42,17.67,91461.0,602833.0
2004-10-11,18.44,18.75,18.39,18.09,232299.0,1558276.0
2004-10-12,18.39,18.53,18.17,18.06,137600.0,912183.0
2004-10-13,18.17,18.17,17.87,17.84,180643.0,1178929.0
2004-10-14,17.84,17.84,16.71,16.6,272300.0,1681758.0
2004-10-15,16.6,16.93,16.68,16.6,123647.0,752635.0
2004-10-18,16.88,17.15,16.96,16.68,94900.0,580785.0
2004-10-19,17.01,17.21,16.79,16.77,107400.0,662989.0
2004-10-20,16.74,16.74,16.52,16.38,114598.0,688237.0
2004-10-21,16.52,16.52,16.11,15.83,241786.0,1412606.0
2004-10-22,15.72,16.49,16.38,15.14,264409.0,1534975.0
2004-10-25,16.74,16.74,15.86,15.66,99394.0,579485.0
2004-10-26,15.86,16.24,15.97,15.47,102301.0,585082.0
2004-10-27,15.75,16.24,16.24,15.69,175709.0,1016288.0
2004-10-28,16.3,16.77,16.32,16.24,251300.0,1506105.0
2004-10-29,16.02,16.02,15.83,15.31,154902.0,888163.0
2004-11-01,15.86,15.86,15.42,15.33,155101.0,873238.0
2004-11-02,15.28,15.58,15.44,15.22,54600.0,306787.0
2004-11-03,15.66,15.83,15.8,15.42,71812.0,407204.0
2004-11-04,15.91,15.91,15.42,15.42,106000.0,602314.0
2004-11-05,15.42,15.64,15.64,15.42,77800.0,438478.0
2004-11-08,15.42,15.64,15.58,15.33,47300.0,266232.0
2004-11-09,15.58,16.08,16.05,15.58,103833.0,596993.0
2004-11-10,16.08,16.66,16.63,15.61,287753.0,1703296.0
2004-11-11,16.52,16.9,16.46,16.46,315444.0,1905014.0
2004-11-12,16.24,16.46,16.24,16.13,129903.0,767549.0
2004-11-15,16.43,16.68,16.55,16.27,138859.0,833625.0
2004-11-16,16.52,16.71,16.38,16.24,88373.0,527026.0
2004-11-17,16.41,16.41,16.19,16.13,72190.0,425250.0
2004-11-18,16.19,17.04,17.04,16.19,300259.0,1819655.0
2004-11-19,17.34,18.75,18.75,17.34,1298916.0,8752918.0
2004-11-22,19.21,19.68,18.66,18.55,1869277.0,12965617.0
2004-11-23,18.33,20.54,19.99,18.2,2261335.0,16094780.0
2004-11-24,19.41,19.82,19.0,18.94,1149020.0,8078884.0
2004-11-25,18.86,18.86,18.06,17.92,629943.0,4188613.0
2004-11-26,17.98,18.33,17.92,17.89,380566.0,2499132.0
2004-11-29,17.89,18.14,17.45,17.32,340669.0,2195451.0
2004-11-30,17.34,18.11,18.03,17.34,288120.0,1855065.0
2004-12-01,17.89,18.03,17.84,17.48,199474.0,1283838.0
2004-12-02,17.76,18.31,18.25,17.4,307584.0,2001487.0
2004-12-03,18.11,19.11,18.66,18.0,607861.0,4120125.0
2004-12-06,18.61,18.72,18.36,18.17,236329.0,1574705.0
2004-12-07,18.36,18.72,17.89,17.84,225500.0,1487569.0
2004-12-08,18.06,18.11,17.65,17.51,227801.0,1466496.0
2004-12-09,17.54,17.95,17.84,17.48,178988.0,1153066.0
2004-12-10,17.73,17.73,17.29,17.29,183300.0,1162037.0
2004-12-13,17.32,17.32,17.18,16.93,140950.0,871609.0
2004-12-14,17.04,17.21,17.01,16.98,57600.0,357408.0
2004-12-15,16.93,17.07,16.74,16.24,225900.0,1361834.0
2004-12-16,16.66,16.79,16.57,16.55,88391.0,534651.0
2004-12-17,16.57,16.66,16.38,16.3,109600.0,654608.0
2004-12-20,16.27,16.41,16.3,16.05,72700.0,429402.0
2004-12-21,16.38,16.93,16.74,16.38,119300.0,722094.0
2004-12-22,16.41,17.29,17.29,16.38,219720.0,1353204.0
2004-12-23,17.34,17.4,16.66,16.66,87200.0,537722.0
2004-12-24,16.66,16.79,16.68,16.52,50000.0,303256.0
2004-12-27,16.6,16.68,16.63,16.32,22330.0,134451.0
2004-12-28,16.66,16.74,16.63,16.38,85471.0,515016.0
2004-12-29,16.52,16.85,16.46,16.46,65410.0,393070.0
2004-12-30,16.52,16.63,16.35,16.24,51800.0,308309.0
2004-12-31,16.35,16.43,16.11,16.11,75200.0,442501.0
2005-01-04,16.11,16.55,16.11,16.02,61700.0,362464.0
2005-01-05,16.11,16.85,16.66,16.11,129396.0,777268.0
2005-01-06,16.66,16.66,16.52,16.38,66896.0,399915.0
2005-01-07,16.6,17.07,16.93,16.32,133099.0,815156.0
2005-01-10,16.9,17.01,16.96,16.74,67900.0,416062.0
2005-01-11,17.01,17.04,16.74,16.74,58050.0,354257.0
2005-01-12,16.71,16.79,16.77,16.57,30700.0,186385.0
2005-01-13,16.66,18.11,17.87,16.66,345610.0,2183103.0
2005-01-14,17.59,18.11,17.48,17.34,492999.0,3173091.0
2005-01-17,16.9,17.48,17.07,16.71,217062.0,1347245.0
2005-01-18,17.21,18.06,17.89,16.93,429678.0,2759337.0
2005-01-19,17.84,18.72,18.33,17.84,919903.0,6121452.0
2005-01-20,18.22,18.33,17.7,17.51,359510.0,2320938.0
2005-01-21,17.48,17.81,17.76,16.93,353324.0,2245688.0
2005-01-24,18.33,18.66,18.14,17.76,353319.0,2321619.0
2005-01-25,18.14,19.05,18.72,18.11,925409.0,6279267.0
2005-01-26,18.61,18.66,18.2,18.11,322150.0,2145896.0
2005-01-27,18.03,18.53,17.51,17.48,278100.0,1817014.0
2005-01-28,17.37,17.65,16.9,16.9,293650.0,1834709.0
2005-01-31,16.9,16.9,16.41,15.22,298326.0,1757838.0
2005-02-01,15.97,16.52,16.05,15.97,155495.0,913968.0
2005-02-02,16.05,17.04,16.98,15.99,182489.0,1098740.0
2005-02-03,16.98,17.34,16.85,16.68,211150.0,1303296.0
2005-02-04,16.66,17.34,17.32,16.66,206829.0,1287948.0
2005-02-16,17.56,17.56,17.21,17.18,129101.0,812356.0
2005-02-17,17.01,17.21,17.07,16.79,129044.0,794166.0
2005-02-18,17.1,17.12,16.85,16.74,101699.0,624528.0
2005-02-21,16.71,17.04,17.01,16.66,137920.0,843826.0
2005-02-22,17.04,17.84,17.67,16.98,353719.0,2238995.0
2005-02-23,17.62,18.31,18.14,17.45,629739.0,4109288.0
2005-02-24,18.09,18.2,17.92,17.78,262340.0,1710653.0
2005-02-25,17.87,18.31,17.87,17.76,376473.0,2472381.0
2005-02-28,18.17,18.17,17.87,17.67,186000.0,1212708.0
2005-03-01,18.09,18.09,17.67,17.56,128099.0,822974.0
2005-03-02,17.67,17.92,17.34,17.23,219890.0,1409747.0
2005-03-03,17.4,17.59,17.34,17.01,178300.0,1115617.0
2005-03-04,17.43,17.67,17.34,17.34,174100.0,1105877.0
2005-03-07,17.48,18.47,18.45,17.48,941985.0,6215988.0
2005-03-08,18.47,18.66,18.61,18.17,687593.0,4595819.0
2005-03-09,18.55,18.55,18.28,18.06,435591.0,2889829.0
2005-03-10,18.11,18.14,17.7,17.62,259143.0,1677652.0
2005-03-11,17.62,17.89,17.67,17.62,231244.0,1486354.0
2005-03-14,17.89,18.44,18.31,17.73,459690.0,3029892.0
2005-03-15,18.31,18.5,17.76,17.65,262904.0,1706336.0
2005-03-16,17.62,17.62,16.96,16.93,306500.0,1909530.0
2005-03-17,16.96,17.07,17.01,16.74,137640.0,845800.0
2005-03-18,17.12,17.18,16.52,16.24,196766.0,1183545.0
2005-03-21,16.41,16.46,16.13,16.13,135000.0,801307.0
2005-03-22,16.13,16.32,15.64,15.64,249300.0,1436270.0
2005-03-23,15.64,16.13,15.72,15.47,125404.0,716346.0
2005-03-24,15.69,15.94,15.91,15.42,160003.0,903452.0
2005-03-25,15.91,15.94,15.53,15.5,90100.0,514660.0
2005-03-28,15.53,15.75,15.5,15.28,76000.0,425826.0
2005-03-29,15.5,16.24,15.75,15.31,110965.0,639112.0
2005-03-30,15.69,15.91,15.61,15.28,125800.0,715184.0
2005-03-31,15.42,16.19,15.99,15.36,151651.0,872115.0
2005-04-01,16.24,17.54,16.66,16.13,379471.0,2279808.0
2005-04-04,16.52,16.52,15.99,15.91,173302.0,1016812.0
2005-04-05,15.86,16.24,16.08,15.86,47623.0,277127.0
2005-04-06,16.08,16.32,16.24,15.83,90878.0,533475.0
2005-04-07,16.24,16.85,16.52,16.24,176594.0,1064347.0
2005-04-08,16.52,16.9,16.71,16.52,205781.0,1250456.0
2005-04-11,16.71,16.9,16.68,16.52,166999.0,1010562.0
2005-04-12,16.66,16.79,16.32,16.11,154449.0,913915.0
2005-04-13,16.46,16.85,16.79,16.32,277683.0,1680810.0
2005-04-14,16.79,16.82,16.27,16.24,156944.0,942094.0
2005-04-15,16.21,17.15,16.99,16.13,315727.0,1904972.0
2005-04-18,17.01,17.34,16.71,16.55,615814.0,3796361.0
2005-04-19,16.41,16.63,15.83,15.11,439002.0,2523969.0
2005-04-20,15.64,15.88,15.31,15.28,187899.0,1065772.0
2005-04-21,15.33,15.66,15.17,15.14,173899.0,967607.0
2005-04-22,15.14,15.47,14.29,14.12,229400.0,1204529.0
2005-04-25,14.26,14.26,13.13,12.99,245947.0,1194963.0
2005-04-26,13.1,13.85,13.79,13.08,116225.0,565272.0
2005-04-27,13.79,13.79,13.21,13.21,83210.0,406743.0
2005-04-28,13.21,13.85,13.77,13.08,207317.0,1029361.0
2005-04-29,13.77,13.93,13.77,13.65,116051.0,580379.0
2005-05-09,13.77,13.9,12.94,12.66,98309.0,467821.0
2005-05-10,12.97,13.21,12.77,12.39,107203.0,492754.0
2005-05-11,12.91,13.02,12.88,12.55,92100.0,427965.0
2005-05-12,12.91,12.97,12.91,12.61,104000.0,483897.0
2005-05-13,12.91,13.08,13.02,12.72,110500.0,520687.0
2005-05-16,12.69,13.21,12.8,12.69,49100.0,229895.0
2005-05-17,12.77,13.13,13.02,12.69,90899.0,429469.0
2005-05-18,12.8,13.27,13.19,12.8,144991.0,687334.0
2005-05-19,13.24,13.63,13.54,12.97,189234.0,908352.0
2005-05-20,13.54,13.54,13.24,13.24,118541.0,575158.0
2005-05-23,13.19,13.19,12.8,12.66,90430.0,418310.0
2005-05-24,12.66,13.16,12.99,12.66,87130.0,408612.0
2005-05-25,13.08,13.19,13.02,12.86,63200.0,299356.0
2005-05-26,13.02,14.31,13.85,12.91,1002944.0,5043438.0
2005-05-27,13.54,13.71,13.52,13.46,593117.0,2917797.0
2005-05-30,13.49,13.49,13.35,13.08,203560.0,982913.0
2005-05-31,13.35,13.49,13.43,13.16,238400.0,1156076.0
2005-06-01,13.49,13.49,12.94,12.88,186000.0,884714.0
2005-06-03,12.66,12.94,12.77,12.66,163408.0,758808.0
2005-06-06,13.16,13.16,12.99,12.8,86390.0,406635.0
2005-06-07,12.99,13.43,13.02,12.99,175741.0,839243.0
2005-06-08,13.08,14.12,14.04,13.08,551092.0,2744488.0
2005-06-09,13.98,14.29,14.04,13.77,494109.0,2510562.0
2005-06-10,14.04,14.04,13.77,13.52,306096.0,1533348.0
2005-06-13,13.77,13.88,13.77,13.57,165194.0,823436.0
2005-06-14,13.79,13.98,13.43,13.43,130700.0,649666.0
2005-06-15,13.43,13.43,13.08,13.05,134800.0,644154.0
2005-06-16,13.08,13.24,13.1,12.97,77515.0,368424.0
2005-06-17,13.13,13.68,13.57,12.99,278863.0,1352141.0
2005-06-20,13.49,13.74,13.71,13.1,303758.0,1486835.0
2005-06-21,13.65,13.71,13.35,13.35,182800.0,896194.0
2005-06-22,13.27,13.41,13.41,13.08,89952.0,432603.0
2005-06-23,13.49,13.96,13.54,13.49,370044.0,1847303.0
2005-06-24,13.3,13.63,13.6,13.3,128844.0,632096.0
2005-06-27,13.6,14.07,13.96,13.6,603905.0,3046630.0
2005-06-28,13.77,14.01,13.98,13.54,299018.0,1498168.0
2005-06-29,14.4,15.14,14.31,14.26,2180528.0,11660225.0
2005-06-30,14.21,14.21,13.65,13.63,534200.0,2688299.0
2005-07-01,13.63,13.79,13.21,13.21,309872.0,1522925.0
2005-07-04,12.94,13.08,12.88,12.55,200910.0,929844.0
2005-07-05,12.8,12.97,12.97,12.66,145198.0,676051.0
2005-07-06,13.08,13.19,12.77,12.75,143800.0,673361.0
2005-07-07,12.94,12.94,12.66,12.64,144200.0,666515.0
2005-07-08,12.66,12.72,11.84,11.59,291540.0,1263009.0
2005-07-11,11.76,12.17,11.59,11.56,131500.0,570937.0
2005-07-12,11.59,11.59,11.37,10.46,563291.0,2260997.0
2005-07-13,11.43,11.43,11.18,10.98,276365.0,1116539.0
2005-07-14,11.12,11.23,11.12,11.01,135273.0,546310.0
2005-07-15,11.12,11.26,10.46,10.21,263600.0,1018816.0
2005-07-18,10.46,10.46,10.08,10.08,204755.0,754278.0
2005-07-19,10.02,10.27,10.24,9.94,166217.0,607713.0
2005-07-20,10.27,10.57,10.38,10.19,150855.0,565677.0
2005-07-21,10.21,10.27,10.21,10.05,72401.0,266386.0
2005-07-22,10.19,10.76,10.63,10.19,325616.0,1252381.0
2005-07-25,11.29,11.64,11.12,11.07,911720.0,3737204.0
2005-07-26,11.07,11.45,11.37,10.85,631497.0,2569493.0
2005-07-27,11.56,11.56,11.43,11.18,392303.0,1614655.0
2005-07-28,11.43,11.56,11.26,11.18,391772.0,1622332.0
2005-07-29,11.18,11.45,11.34,11.04,240815.0,984250.0
2005-08-01,11.34,11.34,11.31,11.18,152601.0,625792.0
2005-08-02,11.37,11.54,11.54,11.23,272428.0,1132738.0
2005-08-03,11.54,12.2,11.78,11.54,655729.0,2815895.0
2005-08-04,11.64,12.0,11.7,11.54,361198.0,1548081.0
2005-08-05,11.73,12.31,12.17,11.73,538229.0,2363923.0
2005-08-08,12.5,12.72,12.64,12.2,792456.0,3589442.0
2005-08-09,12.94,13.32,13.21,12.66,789828.0,3745262.0
2005-08-10,13.21,13.71,13.27,12.8,936226.0,4515037.0
2005-08-11,13.35,13.98,13.74,12.88,1295273.0,6346283.0
2005-08-12,13.74,14.78,13.79,13.63,2257828.0,11681625.0
2005-08-15,13.82,14.01,13.57,13.05,1726319.0,8386237.0
2005-08-16,13.57,14.26,13.98,13.35,2506755.0,12625952.0
2005-08-17,13.85,15.25,14.87,13.46,3639330.0,18962529.0
2005-08-18,14.84,15.31,13.71,13.68,3441549.0,18454280.0
2005-08-19,14.07,15.09,15.09,14.07,4658458.0,25349670.0
2005-08-22,15.66,16.08,14.62,14.51,5410262.0,29870058.0
2005-08-23,14.45,14.45,13.52,13.41,2593378.0,12914381.0
2005-08-24,13.49,14.56,14.34,13.21,2646130.0,13534237.0
2005-08-25,14.31,15.06,14.87,14.18,2815691.0,15009867.0
2005-08-26,14.89,15.25,14.31,14.07,1836392.0,9616698.0
2005-08-29,14.31,14.76,14.18,14.15,840263.0,4371665.0
2005-08-30,14.26,14.31,13.77,13.68,807690.0,4113249.0
2005-08-31,13.71,14.21,14.18,13.49,757542.0,3837943.0
2005-09-01,14.18,14.62,14.56,13.96,1244341.0,6517945.0
2005-09-02,14.7,14.73,14.59,14.4,1107644.0,5858563.0
2005-09-05,14.73,15.55,15.33,14.62,2465742.0,13539609.0
2005-09-06,15.33,15.97,14.81,14.7,2957555.0,16500274.0
2005-09-07,14.73,15.09,15.03,14.59,1083730.0,5855049.0
2005-09-08,15.03,15.09,14.81,14.65,916557.0,4946824.0
2005-09-09,14.78,15.22,14.81,14.76,704946.0,3821401.0
2005-09-12,14.76,14.76,14.34,14.12,1032491.0,5374774.0
2005-09-13,14.51,14.62,14.59,14.23,741073.0,3876988.0
2005-09-14,14.59,14.7,14.67,14.45,911574.0,4830278.0
2005-09-15,14.7,15.44,15.28,14.67,2641625.0,14540577.0
2005-09-16,15.28,15.31,15.14,14.89,1307692.0,7161821.0
2005-09-29,14.59,14.81,14.62,13.93,1324764.0,6948158.0
2005-09-30,14.59,14.76,14.37,14.31,604890.0,3186999.0
2005-10-10,14.31,14.31,13.41,13.35,769530.0,3825678.0
2005-10-11,13.38,13.65,13.63,13.16,524480.0,2564225.0
2005-10-12,13.63,13.79,13.63,13.43,287422.0,1423926.0
2005-10-13,13.74,14.12,13.74,13.71,517271.0,2617413.0
2005-10-14,13.71,14.31,14.04,13.65,698104.0,3544207.0
2005-10-17,14.04,14.23,13.96,13.9,792947.0,4055105.0
2005-11-02,12.85,13.06,12.71,12.35,1960254.0,6985331.0
2005-11-03,12.67,13.6,13.06,12.49,1669369.0,6103706.0
2005-11-04,12.78,13.42,13.24,12.6,979446.0,3574362.0
2005-11-07,13.06,13.42,13.28,12.96,598944.0,2214549.0
2005-11-08,13.24,13.74,13.6,13.1,996749.0,3743799.0
2005-11-09,13.53,13.99,13.71,13.35,1294509.0,4956906.0
2005-11-10,13.63,13.89,13.28,13.17,990860.0,3747876.0
2005-11-11,13.42,13.81,13.74,13.31,1112304.0,4212125.0
2005-11-14,13.63,13.74,13.56,13.21,605783.0,2279075.0
2005-11-15,13.35,13.67,13.1,12.88,704632.0,2628552.0
2005-11-16,12.99,13.24,13.24,12.88,338913.0,1235216.0
2005-11-17,13.24,13.56,13.31,13.17,293180.0,1095304.0
2005-11-18,13.31,13.89,13.89,13.28,1393464.0,5358712.0
2005-11-21,13.81,14.39,14.21,13.81,1584135.0,6254281.0
2005-11-22,14.39,14.39,13.92,13.85,1041645.0,4085054.0
2005-11-23,13.89,14.24,14.21,13.89,942565.0,3707651.0
2005-11-24,14.85,14.85,14.46,14.39,2002145.0,8104366.0
2005-11-25,14.46,14.78,14.64,14.42,1335072.0,5444723.0
2005-11-28,14.92,14.92,14.53,14.42,866484.0,3525965.0
2005-11-29,14.57,14.71,14.24,14.21,689850.0,2785034.0
2005-11-30,14.17,14.67,14.64,14.03,740469.0,2950196.0
2005-12-01,14.64,14.67,14.49,14.31,1015396.0,4105458.0
2005-12-02,14.31,14.49,14.06,14.03,516630.0,2052154.0
2005-12-05,13.89,14.17,13.42,13.35,570658.0,2187348.0
2005-12-06,13.42,13.63,13.53,13.28,503105.0,1890589.0
2005-12-07,13.42,13.71,13.56,13.42,364138.0,1379034.0
2005-12-08,13.74,13.74,13.46,13.31,288160.0,1089042.0
2005-12-09,13.46,14.49,14.35,13.46,868487.0,3401062.0
2005-12-12,14.24,14.67,14.49,13.99,2191548.0,8845353.0
2005-12-13,14.31,14.49,14.46,14.24,765727.0,3075069.0
2005-12-14,14.42,14.53,14.49,14.24,564843.0,2273947.0
2005-12-15,14.46,14.57,14.14,14.14,541159.0,2166858.0
2005-12-16,14.14,14.64,14.53,14.14,851053.0,3437635.0
2005-12-19,14.49,14.49,14.31,14.24,401740.0,1612169.0
2005-12-21,14.46,14.57,14.35,14.21,553860.0,2221168.0
2005-12-22,14.14,14.53,14.49,14.14,687742.0,2752179.0
2005-12-23,14.46,14.67,14.6,14.42,1155761.0,4712626.0
2005-12-26,14.74,14.85,14.74,14.57,1528826.0,6286111.0
2005-12-27,14.74,14.74,14.46,14.42,688700.0,2795394.0
2005-12-28,14.39,14.49,14.31,13.96,746743.0,2991343.0
2005-12-29,14.42,14.53,14.42,14.31,727181.0,2924862.0
2005-12-30,14.42,14.53,14.06,14.03,666000.0,2658053.0
2006-01-04,14.14,14.53,14.49,14.06,682304.0,2733831.0
2006-01-05,14.49,14.64,14.57,14.35,825397.0,3343120.0
2006-01-06,14.57,14.78,14.64,14.49,1437939.0,5894045.0
2006-01-09,14.6,14.85,14.78,14.53,1201549.0,4940327.0
2006-01-10,14.78,15.17,15.14,14.53,1631467.0,6768188.0
2006-01-11,15.07,15.07,14.89,14.64,1452827.0,6028998.0
2006-01-12,14.96,15.1,14.99,14.64,1355873.0,5657087.0
2006-01-13,15.14,15.21,14.89,14.78,915089.0,3810570.0
2006-01-16,14.85,14.92,14.64,14.6,924860.0,3823318.0
2006-01-17,14.64,14.67,14.46,14.39,541569.0,2196740.0
2006-01-18,14.53,14.89,14.78,14.49,810272.0,3323839.0
2006-01-19,14.85,14.92,14.89,14.57,1180450.0,4873104.0
2006-01-20,14.96,14.99,14.82,14.57,817533.0,3363948.0
2006-01-23,14.85,14.85,14.53,14.39,857344.0,3479248.0
2006-01-24,14.6,14.78,14.57,14.42,815177.0,3315098.0
2006-01-25,14.57,14.6,14.35,14.1,1056851.0,4221503.0
2006-02-06,14.35,14.6,14.57,14.24,655017.0,2646127.0
2006-02-07,14.67,14.74,14.71,14.39,942960.0,3826790.0
2006-02-08,14.67,15.64,15.39,14.6,2703458.0,11479735.0
2006-02-09,15.5,15.5,15.1,14.99,1489337.0,6291493.0
2006-02-10,15.25,16.43,15.93,15.25,3817279.0,17007787.0
2006-02-13,16.11,17.0,16.82,15.64,3748141.0,17182006.0
2006-02-14,16.79,16.96,16.71,16.39,1802246.0,8365181.0
2006-02-15,16.64,16.79,16.43,16.14,1764993.0,8100630.0
2006-02-16,16.5,16.68,15.57,15.5,1965102.0,8738496.0
2006-02-17,15.75,15.75,15.5,15.32,1212357.0,5275239.0
2006-02-20,15.39,16.14,15.71,15.39,1270807.0,5608806.0
2006-02-21,15.68,15.68,15.53,14.92,1409615.0,5994738.0
2006-02-22,15.46,15.53,15.35,15.21,795308.0,3416817.0
2006-02-23,15.32,15.68,15.64,15.21,694900.0,3006566.0
2006-02-24,15.68,15.78,15.5,15.5,719907.0,3138463.0
2006-02-27,15.39,15.6,15.53,15.28,658299.0,2835011.0
2006-02-28,15.46,15.46,15.43,15.03,602847.0,2556185.0
2006-03-01,15.39,15.85,15.75,15.14,863148.0,3749350.0
2006-03-02,15.75,15.89,15.32,15.21,866380.0,3763025.0
2006-03-03,15.25,15.5,15.35,15.07,566701.0,2409918.0
2006-03-06,15.35,15.35,15.28,15.03,595356.0,2522858.0
2006-03-07,15.28,15.89,15.64,14.85,1984550.0,8593921.0
2006-03-08,15.46,15.6,15.28,15.07,792600.0,3379558.0
2006-03-09,15.17,15.32,15.14,14.82,819161.0,3442882.0
2006-03-10,15.14,15.14,14.89,14.85,293430.0,1226437.0
2006-03-13,15.07,15.57,15.17,15.07,595558.0,2543873.0
2006-03-14,15.28,15.28,15.17,14.96,299128.0,1257614.0
2006-03-15,14.99,15.21,15.21,14.99,335112.0,1415812.0
2006-03-16,15.5,16.75,16.75,15.5,7240415.0,33461314.0
2006-03-17,17.11,18.43,18.43,16.93,7518429.0,37480817.0
2006-03-20,18.9,20.29,20.29,18.9,6480508.0,35741615.0
2006-03-21,20.65,22.33,22.33,20.65,3993419.0,24764714.0
2006-03-22,23.84,24.55,24.55,22.87,13901276.0,92711287.0
2006-03-23,24.55,26.77,24.37,23.3,11600980.0,81072019.0
2006-03-24,23.98,25.98,25.16,23.48,9554714.0,66651064.0
2006-03-27,25.16,25.37,25.16,23.98,6479832.0,44921496.0
2006-03-28,24.94,27.41,25.3,24.26,10653956.0,76189265.0
2006-03-29,24.62,26.02,24.87,24.34,7059865.0,49387451.0
2006-03-30,24.69,25.95,25.88,24.52,7689174.0,54649671.0
2006-03-31,25.88,25.95,24.91,23.98,7291693.0,50412241.0
2006-04-03,24.87,25.55,25.05,24.16,6348464.0,43942964.0
2006-04-04,25.05,25.23,24.44,24.26,5084870.0,35016788.0
2006-04-05,24.44,26.88,26.88,24.01,7757107.0,56402944.0
2006-04-06,28.67,29.52,27.52,27.23,13875860.0,110142624.0
2006-04-07,27.16,27.41,26.84,25.95,7123645.0,52715417.0
2006-04-10,26.52,26.84,26.77,26.02,3213550.0,23774268.0
2006-04-11,26.66,27.16,26.34,26.09,3803995.0,28107022.0
2006-04-12,26.12,26.12,25.3,24.91,4532570.0,32046070.0
2006-04-13,25.09,25.77,24.73,24.41,2759387.0,19283015.0
2006-04-14,24.66,25.12,24.91,23.84,3827495.0,26122086.0
2006-04-17,24.66,26.48,25.05,24.01,3164694.0,22261153.0
2006-04-18,25.05,25.77,24.94,24.34,2662763.0,18681162.0
2006-04-19,24.98,25.88,25.45,24.91,2807525.0,19950102.0
2006-04-20,25.55,25.73,24.73,24.41,2479222.0,17208990.0
2006-04-21,24.41,25.34,24.55,23.66,3436147.0,23366370.0
2006-04-24,24.34,24.41,22.51,22.4,3340915.0,21964020.0
2006-04-25,22.33,24.77,24.77,21.83,4568316.0,30766931.0
2006-04-26,25.27,26.77,24.98,24.8,6794993.0,49225482.0
2006-04-27,24.98,24.98,23.91,23.66,2894812.0,19386892.0
2006-04-28,23.3,23.8,23.62,22.55,2707266.0,17597644.0
2006-05-08,23.33,24.91,24.48,22.94,3092362.0,20865374.0
2006-05-09,24.48,24.87,24.77,23.94,3739584.0,25565965.0
2006-05-10,24.69,27.23,27.23,24.05,7278559.0,54535619.0
2006-05-11,28.42,28.56,25.59,25.45,7818802.0,59366238.0
2006-05-12,25.05,28.16,26.73,24.73,5831256.0,43492778.0
2006-05-15,27.02,28.06,27.38,25.7,5366577.0,40294616.0
2006-05-16,27.38,27.38,25.34,25.23,4083212.0,29918307.0
2006-05-17,25.23,25.95,24.37,24.01,3394920.0,23377649.0
2006-05-19,24.26,25.34,24.87,24.16,2810232.0,19413988.0
2006-05-22,24.69,26.8,26.12,24.41,4162382.0,29998308.0
2006-05-23,26.05,26.05,24.3,24.26,2412247.0,16840336.0
2006-05-24,23.26,24.94,23.98,23.26,1796538.0,12166965.0
2006-05-25,23.98,24.91,24.66,23.66,1356627.0,9301282.0
2006-05-26,24.34,25.91,25.23,24.34,2101449.0,14885395.0
2006-05-29,25.23,26.77,25.98,25.05,3406587.0,24932604.0
2006-05-30,25.59,26.45,25.66,25.23,2361699.0,16959676.0
2006-05-31,25.7,28.24,28.24,25.7,8268383.0,63318309.0
2006-06-01,29.1,31.06,31.06,28.92,10259131.0,86161453.0
2006-06-02,32.6,33.93,30.06,28.24,11046705.0,97618710.0
2006-06-05,29.7,29.7,27.34,27.06,6643168.0,51471516.0
2006-06-06,26.98,28.2,28.09,26.84,3638374.0,28073011.0
2006-06-07,27.88,27.88,25.3,25.3,3712100.0,27000433.0
2006-06-08,24.44,24.84,24.26,23.19,3448223.0,23025026.0
2006-06-09,24.19,24.87,23.84,23.73,2146360.0,14528601.0
2006-06-12,23.98,25.27,24.94,23.91,1992914.0,13792996.0
2006-06-13,25.23,25.73,25.02,24.34,1776556.0,12476059.0
2006-06-14,24.91,25.41,25.02,24.44,1096589.0,7633311.0
2006-06-15,25.05,25.59,25.3,25.02,1643778.0,11617444.0
2006-06-16,25.71,26.04,25.81,25.1,1326210.0,7247983.0
2006-06-19,25.24,25.85,25.43,24.34,2260738.0,12041187.0
2006-06-20,25.43,27.98,27.98,25.05,5443185.0,31277810.0
2006-06-21,27.98,30.19,27.46,26.99,8194793.0,50142429.0
2006-06-22,27.27,28.26,27.55,26.7,3314070.0,19305413.0
2006-06-23,27.55,28.21,28.07,26.99,2339657.0,13790241.0
2006-06-26,28.31,29.68,28.78,28.12,2967821.0,18159481.0
2006-06-27,28.78,29.11,28.78,28.35,2500390.0,15176069.0
2006-06-28,28.78,28.83,27.84,27.84,2759650.0,16469875.0
2006-06-29,27.74,29.16,29.16,27.69,3974248.0,24239661.0
2006-06-30,29.49,29.63,28.83,28.68,4781007.0,29494966.0
2006-07-03,29.02,29.58,29.53,28.73,3343847.0,20704990.0
2006-07-04,29.53,29.63,28.83,28.59,2719357.0,16724233.0
2006-07-05,28.92,29.16,28.73,27.65,2823484.0,16930283.0
2006-07-06,29.16,30.01,29.96,29.02,6671007.0,41955295.0
2006-07-07,29.96,30.01,29.2,29.06,3275214.0,20398982.0
2006-07-10,28.97,30.62,29.72,28.83,3969360.0,25133505.0
2006-07-11,29.82,30.01,29.58,29.16,2628228.0,16416043.0
2006-07-12,29.63,30.48,29.63,29.11,4437035.0,28132542.0
2006-07-13,29.53,29.53,26.7,26.66,4991789.0,29554371.0
2006-07-14,26.7,28.17,27.32,26.33,2983541.0,17165848.0
2006-07-17,27.36,28.45,28.35,26.89,2514876.0,14800176.0
2006-07-18,28.31,28.92,28.4,27.93,2803720.0,16896742.0
2006-07-19,28.31,28.5,27.27,26.89,1602345.0,9358804.0
2006-07-20,27.03,27.6,27.22,26.99,990965.0,5713337.0
2006-07-21,27.13,28.02,27.6,27.13,1016900.0,5965528.0
2006-07-24,27.36,27.6,27.55,26.42,1085423.0,6207456.0
2006-07-25,27.74,28.68,28.21,27.36,1883438.0,11259453.0
2006-07-26,27.84,28.21,27.93,27.6,1309314.0,7730878.0
2006-07-27,27.69,28.5,27.6,27.36,1288274.0,7603812.0
2006-07-28,27.36,28.35,27.74,27.36,1606724.0,9484193.0
2006-07-31,27.46,27.98,25.62,25.48,1825774.0,10231761.0
2006-08-01,25.38,26.37,24.82,24.58,1227747.0,6599683.0
2006-08-02,24.82,25.43,24.77,24.01,1042314.0,5454612.0
2006-08-03,24.96,25.0,24.68,24.34,403289.0,2109008.0
2006-08-04,24.91,24.91,23.21,23.02,1083463.0,5456774.0
2006-08-07,23.26,23.26,22.65,22.46,820360.0,3961645.0
2006-08-09,24.91,24.91,24.91,24.91,373281.0,1970924.0
2006-08-10,27.41,27.41,27.41,27.41,281453.0,1635242.0
2006-08-11,30.15,30.15,30.15,30.15,1917267.0,12251336.0
2006-08-14,32.88,33.17,33.17,29.72,19854799.0,137769656.0
2006-08-15,33.5,33.87,33.4,31.89,14226150.0,99659683.0
2006-08-16,33.02,36.75,36.75,32.46,17697810.0,133859749.0
2006-08-17,36.75,37.18,34.82,34.68,11037510.0,83486093.0
2006-08-18,33.97,35.29,33.87,32.65,9520477.0,68269619.0
2006-08-21,31.94,33.64,33.07,31.66,6904981.0,47850281.0
2006-08-22,32.93,33.92,33.31,32.55,6490317.0,45906521.0
2006-08-23,32.98,33.02,31.75,31.61,6722365.0,45973817.0
2006-08-24,31.85,32.37,32.18,30.9,6105152.0,41059058.0
2006-08-25,31.85,32.6,31.8,31.66,3789906.0,25733862.0
2006-08-28,31.99,34.96,33.97,31.47,9941881.0,71582118.0
2006-08-29,33.64,34.58,34.3,33.45,7443778.0,53560230.0
2006-08-31,34.53,35.62,34.3,34.06,5503878.0,40416895.0
2006-09-01,34.2,34.77,32.79,32.74,4123386.0,29289814.0
2006-09-04,32.46,33.73,33.31,32.32,2772189.0,19475528.0
2006-09-05,33.35,35.15,34.63,33.02,6971802.0,50995523.0
2006-09-06,34.63,34.63,34.11,33.4,3028634.0,21698872.0
2006-09-07,33.92,34.2,32.84,32.55,2666675.0,18732438.0
2006-09-08,32.74,33.21,32.46,32.22,1771844.0,12258040.0
2006-09-11,32.51,33.35,33.07,32.27,1719963.0,11992480.0
2006-09-12,32.93,33.21,32.79,32.55,1506667.0,10475349.0
2006-09-13,32.98,33.07,31.99,31.89,1756742.0,12072695.0
2006-09-14,31.89,32.41,32.13,31.37,1906531.0,12856496.0
2006-09-15,31.99,32.46,32.27,31.75,1562272.0,10649546.0
2006-09-18,32.08,34.2,33.59,31.7,3793335.0,26574754.0
2006-09-19,33.59,33.78,33.12,32.88,2825149.0,19863350.0
2006-09-20,32.88,34.91,34.02,32.55,5900819.0,42630769.0
2006-09-21,33.92,34.58,33.64,33.35,3021362.0,21650474.0
2006-09-22,33.59,33.69,32.74,32.65,2367635.0,16552972.0
2006-09-25,32.55,33.26,32.13,31.99,1753542.0,12099313.0
2006-09-26,32.55,32.55,31.7,31.33,1931986.0,12987580.0
2006-09-27,31.61,32.41,32.22,31.61,1096321.0,7426843.0
2006-09-28,32.18,32.51,32.08,31.85,1159081.0,7885257.0
2006-09-29,32.08,32.93,32.55,32.08,1624152.0,11221124.0
2006-10-09,32.32,32.84,32.46,31.99,2064698.0,14163851.0
2006-10-10,32.46,33.87,33.59,32.46,3820987.0,27030986.0
2006-10-11,33.54,33.87,33.26,32.6,1981391.0,13901960.0
2006-10-12,33.45,33.5,32.27,32.08,2404056.0,16522783.0
2006-10-13,32.08,32.88,32.27,32.08,1002892.0,6879880.0
2006-10-16,32.18,32.79,32.51,32.08,1049431.0,7203893.0
2006-10-17,32.98,35.76,35.76,32.88,9813551.0,73399903.0
2006-10-18,36.09,36.19,35.05,34.2,8077165.0,60076366.0
2006-10-19,34.91,35.48,34.3,34.06,3969199.0,29123037.0
2006-10-20,34.11,34.87,33.59,33.31,3271875.0,23448797.0
2006-10-23,33.73,34.68,33.12,32.55,3115197.0,22370989.0
2006-10-24,32.88,33.97,33.73,32.46,2180046.0,15401720.0
2006-10-25,33.59,33.92,33.02,32.65,2166947.0,15202240.0
2006-10-26,32.93,34.11,33.83,32.18,2806979.0,19905922.0
2006-10-27,33.59,33.73,31.75,31.37,3229699.0,22024445.0
2006-10-30,31.56,31.7,30.38,29.02,2802457.0,18106088.0
2006-10-31,30.19,31.33,31.0,29.25,1782934.0,11467749.0
2006-11-01,30.76,31.56,31.14,30.24,1626254.0,10671930.0
2006-11-02,31.09,31.52,30.86,30.38,1548105.0,10090993.0
2006-11-03,30.86,31.33,31.28,30.57,1114737.0,7339849.0
2006-11-06,31.14,31.14,30.43,30.19,1539141.0,9946463.0
2006-11-07,30.24,30.57,29.96,29.02,1467077.0,9223237.0
2006-11-08,29.91,30.48,30.1,29.3,1015832.0,6435957.0
2006-11-09,30.19,31.18,30.81,29.96,1552497.0,10092491.0
2006-11-10,30.81,31.09,29.58,29.25,1432297.0,9074813.0
2006-11-13,29.49,30.67,29.3,28.87,1692916.0,10622178.0
2006-11-14,29.2,29.49,29.16,28.31,1710906.0,10437718.0
2006-11-15,29.25,30.05,29.63,28.59,1219351.0,7619892.0
2006-11-16,29.82,29.86,28.97,28.87,1032455.0,6399899.0
2006-11-17,28.87,30.1,29.72,28.31,2176397.0,13500853.0
2006-11-20,29.63,30.48,30.19,29.02,2863867.0,18187256.0
2006-11-21,30.29,30.34,29.68,29.16,1435289.0,8998217.0
2006-11-22,29.63,30.29,29.86,29.34,1384815.0,8777365.0
2006-11-23,30.1,32.79,32.46,30.05,7337398.0,49761570.0
2006-11-24,32.27,34.68,32.79,31.04,7412240.0,51918120.0
2006-11-27,32.08,33.59,32.98,31.7,3515946.0,24387513.0
2006-11-28,33.64,33.69,33.02,32.6,2690038.0,18885166.0
2006-11-29,32.55,33.4,32.55,31.75,2288711.0,15809696.0
2006-11-30,32.46,34.39,33.69,32.32,4814647.0,34382663.0
2006-12-01,33.4,34.16,33.35,33.17,3383789.0,24067604.0
2006-12-04,33.35,33.92,33.73,33.02,3203797.0,22658949.0
2006-12-05,33.73,35.86,34.53,33.4,6701087.0,49390061.0
2006-12-06,34.44,35.15,32.98,31.85,5065871.0,35647504.0
2006-12-07,32.65,32.98,32.22,32.13,2557286.0,17600939.0
2006-12-08,31.8,31.85,30.24,30.1,2385095.0,15585434.0
2006-12-11,30.19,31.14,31.14,29.72,1828536.0,11869267.0
2006-12-12,31.18,31.52,30.71,30.43,1441996.0,9435225.0
2006-12-13,30.86,31.89,31.28,30.81,1390646.0,9227665.0
2006-12-14,31.28,31.66,31.47,30.9,1671195.0,11080374.0
2006-12-15,31.47,32.22,32.13,31.37,3125047.0,21096139.0
2006-12-18,32.22,32.37,32.13,31.61,2969951.0,20078029.0
2006-12-19,32.13,32.18,31.14,30.43,2920966.0,19364573.0
2006-12-20,30.9,32.08,31.75,30.57,3856044.0,25553614.0
2006-12-21,32.18,32.6,31.52,31.37,3847643.0,26119652.0
2006-12-22,31.28,31.47,31.37,30.67,1967604.0,12948239.0
2006-12-25,31.37,31.85,31.23,30.95,2401327.0,16015574.0
2006-12-26,31.04,31.14,30.15,30.1,3165560.0,20412388.0
2006-12-27,30.15,31.28,30.52,30.1,2408274.0,15765945.0
2006-12-28,30.67,31.14,29.72,29.63,2261047.0,14545116.0
2006-12-29,30.1,31.0,30.19,30.05,1879747.0,12093112.0
2007-01-04,30.19,30.57,30.38,29.53,2674772.0,16948774.0
2007-01-05,30.71,32.79,31.99,30.48,4647359.0,31300161.0
2007-01-08,31.66,32.55,32.51,31.52,3903914.0,26633608.0
2007-01-09,32.32,33.59,32.79,32.32,4901768.0,34324067.0
2007-01-10,32.74,33.31,33.12,32.18,4384242.0,30447397.0
2007-01-11,33.69,35.62,34.2,33.64,9554103.0,70007539.0
2007-01-12,33.5,34.2,31.85,31.61,4523301.0,31808475.0
2007-01-15,31.94,33.83,33.69,31.94,3247547.0,22658436.0
2007-01-16,33.97,34.2,34.16,33.31,4363065.0,31254572.0
2007-01-17,34.16,35.29,33.07,32.32,5276310.0,38017176.0
2007-01-18,33.07,33.59,33.4,31.89,3465848.0,24069935.0
2007-01-19,33.69,34.91,34.68,33.59,6337824.0,46181061.0
2007-01-22,35.15,38.17,38.17,34.96,10960411.0,86068523.0
2007-01-23,39.3,41.52,40.29,36.33,13587784.0,111559792.0
2007-01-24,39.16,40.01,39.16,38.31,6662704.0,55314826.0
2007-01-25,39.06,39.06,36.75,35.86,4811254.0,38561126.0
2007-01-26,36.23,39.77,39.35,36.0,5962569.0,47851026.0
2007-01-29,40.2,40.53,39.91,38.45,5423604.0,45534638.0
2007-01-30,39.82,39.87,38.36,37.84,4715102.0,38574526.0
2007-01-31,37.98,40.81,39.44,37.41,8709699.0,72577552.0
2007-02-01,39.96,43.4,42.7,38.55,13060939.0,113665526.0
2007-02-02,41.8,41.8,38.45,38.45,8418936.0,71536285.0
2007-02-05,38.4,38.45,36.66,36.47,3984414.0,31224005.0
2007-02-06,36.75,37.88,37.79,36.75,2194235.0,17389591.0
2007-02-07,37.79,38.5,38.12,37.18,2754678.0,22073800.0
2007-02-08,38.17,39.16,38.64,37.74,3304614.0,26899905.0
2007-02-09,38.64,38.97,37.74,37.41,3938700.0,31502319.0
2007-02-12,37.74,39.06,38.73,37.74,3023585.0,24678703.0
2007-02-13,38.83,40.81,40.38,38.78,4642791.0,39474736.0
2007-02-14,40.53,41.33,40.43,39.68,4881123.0,41999277.0
2007-02-15,40.38,41.75,41.33,40.38,5606518.0,48547257.0
2007-02-16,41.8,43.26,41.9,41.42,6804783.0,61370168.0
2007-02-26,42.7,43.64,43.55,41.05,5553504.0,50183639.0
2007-02-27,44.21,44.25,39.21,39.21,5877207.0,51811834.0
2007-02-28,38.26,40.29,40.05,37.74,4742171.0,39214593.0
2007-03-01,39.82,39.82,37.51,37.22,4307498.0,34909451.0
2007-03-02,37.51,39.54,38.64,37.51,2509690.0,20576773.0
2007-03-05,38.31,39.39,39.11,37.55,3123670.0,25606736.0
2007-03-06,38.78,39.35,39.16,38.22,2092371.0,17255768.0
2007-03-07,39.16,40.29,40.01,39.16,3690676.0,31152882.0
2007-03-08,40.43,40.81,40.76,39.58,3117295.0,26651722.0
2007-03-09,40.76,44.82,44.82,39.44,10508145.0,96512605.0
2007-03-12,44.54,48.97,45.91,43.92,15548449.0,153719291.0
2007-03-13,46.0,47.13,45.91,44.82,5521625.0,53695857.0
2007-03-14,45.29,45.86,44.4,42.84,5250282.0,49148786.0
2007-03-15,44.44,46.61,45.43,44.44,4532843.0,43823022.0
2007-03-16,44.96,46.09,43.12,42.46,4915008.0,45793817.0
2007-03-19,41.75,44.21,43.5,41.66,3573533.0,32756284.0
2007-03-20,43.59,45.76,45.2,43.22,3265848.0,31142265.0
2007-03-21,45.2,49.54,47.6,44.58,7804391.0,78436765.0
2007-03-22,47.6,48.12,46.38,46.23,5344122.0,53203869.0
2007-03-23,46.38,47.89,46.85,45.29,4239226.0,41951983.0
2007-03-26,47.23,49.3,48.17,46.47,5055872.0,51576392.0
2007-03-27,48.31,50.81,49.02,48.31,6179742.0,64664700.0
2007-03-28,48.97,49.16,47.27,45.53,5733981.0,57568234.0
2007-03-29,47.27,47.27,44.96,44.82,4281997.0,41663342.0
2007-03-30,44.73,46.28,45.81,44.63,2524184.0,24431123.0
2007-04-02,45.29,46.47,46.38,44.73,3383708.0,32791337.0
2007-04-03,46.47,47.65,47.37,46.38,3288032.0,32821388.0
2007-04-04,47.41,47.98,47.41,46.38,3030740.0,30284345.0
2007-04-05,47.89,49.73,48.92,47.41,5225786.0,53880883.0
2007-04-06,49.07,49.59,49.07,48.55,4789549.0,49769538.0
2007-04-09,49.54,52.37,52.04,48.59,9163598.0,98415751.0
2007-04-10,52.6,52.79,50.86,48.59,10388950.0,111516321.0
2007-04-11,50.48,51.33,50.72,49.07,5197890.0,55406466.0
2007-04-12,50.53,52.23,51.57,49.35,5868671.0,63167938.0
2007-04-13,51.57,51.57,49.96,49.54,4758508.0,51110602.0
2007-04-16,50.86,52.09,51.52,49.77,4631527.0,50138276.0
2007-04-17,51.57,54.26,53.5,51.09,7182242.0,80581078.0
2007-04-18,53.08,57.09,55.58,52.89,6933014.0,81465804.0
2007-04-19,55.2,55.2,51.38,50.01,7357528.0,81850152.0
2007-04-20,51.94,54.63,53.36,51.94,4347199.0,49238856.0
2007-04-23,53.78,55.86,55.62,53.59,4828421.0,56290429.0
2007-04-24,56.14,56.61,54.92,54.11,4677277.0,54693985.0
2007-04-25,54.82,54.82,53.41,51.99,4345410.0,49116267.0
2007-04-27,54.26,55.29,54.63,51.94,5278749.0,60150720.0
2007-04-30,54.26,59.82,58.03,53.78,8980753.0,108347563.0
2007-05-08,58.64,60.48,59.12,56.61,7082788.0,88499528.0
2007-05-09,59.07,65.01,65.01,57.46,11542922.0,152913060.0
2007-05-10,64.26,64.64,63.03,62.09,6053881.0,81075158.0
2007-05-11,62.75,62.75,60.44,59.3,5549403.0,71218798.0
2007-05-14,59.68,63.22,61.9,59.54,4767510.0,62111488.0
2007-05-15,62.23,62.32,57.18,56.61,4604734.0,57927080.0
2007-05-16,56.28,58.64,58.55,56.19,3188383.0,38800388.0
2007-05-17,58.64,61.28,59.16,58.27,3419221.0,43369560.0
2007-05-18,58.74,60.39,59.82,58.03,3756376.0,47034597.0
2007-05-21,57.56,62.28,61.1,57.46,5147098.0,66209632.0
2007-05-22,61.28,63.55,61.95,60.86,5807648.0,76550759.0
2007-05-23,62.37,64.59,64.12,62.32,6354926.0,85673429.0
2007-05-24,64.12,64.82,62.28,60.06,5901628.0,77289537.0
2007-05-25,62.28,63.5,62.42,61.0,5073790.0,67315025.0
2007-05-28,63.08,67.84,65.53,63.08,8307490.0,115072187.0
2007-05-29,65.11,65.44,64.73,62.89,5317276.0,72720642.0
2007-05-30,59.45,63.17,58.27,58.27,4457167.0,57163248.0
2007-05-31,56.8,56.85,52.46,52.46,6080709.0,68900635.0
2007-06-01,52.18,53.74,47.23,47.23,6133608.0,63997798.0
2007-06-04,47.27,49.07,43.36,42.51,5535222.0,53764238.0
2007-06-05,42.74,46.23,45.62,39.58,5516003.0,49910747.0
2007-06-06,44.91,46.71,44.87,43.64,4696391.0,45140184.0
2007-06-07,45.15,47.27,47.13,44.35,4444184.0,43436898.0
2007-06-08,47.41,48.45,47.56,46.71,4901818.0,49410075.0
2007-06-11,47.74,48.78,48.03,47.18,3688475.0,37412112.0
2007-06-12,48.59,48.74,47.46,43.45,4794073.0,47382045.0
2007-06-13,48.03,50.72,50.29,47.32,7233107.0,75697010.0
2007-06-14,50.24,50.24,48.22,47.74,4334129.0,45043418.0
2007-06-15,48.22,48.69,47.65,47.08,2669154.0,27048871.0
2007-06-18,47.89,52.41,52.41,47.89,8811556.0,95725380.0
2007-06-19,51.8,52.75,51.9,50.24,6280338.0,68729324.0
2007-06-20,51.9,53.22,49.02,48.36,5067725.0,55038206.0
2007-06-21,49.07,50.24,48.22,47.13,3372485.0,34697627.0
2007-06-22,48.17,48.83,43.5,43.4,4352792.0,41878537.0
2007-06-25,43.17,44.3,39.54,39.16,3732186.0,32611356.0
2007-06-26,38.22,41.94,41.9,37.88,2830363.0,24401837.0
2007-06-27,41.9,42.93,42.08,40.67,2411083.0,21426726.0
2007-06-28,42.23,43.36,39.02,38.22,2132756.0,18672796.0
2007-06-29,37.74,38.78,37.22,35.71,2483348.0,19651332.0
2007-07-02,37.13,39.87,39.16,37.13,1708005.0,13962149.0
2007-07-03,39.16,39.63,39.16,37.79,1561990.0,12880650.0
2007-07-04,39.2,40.1,39.39,38.22,1901781.0,15850791.0
2007-07-05,38.59,39.2,37.18,36.33,1776653.0,14423654.0
2007-07-06,37.03,39.91,39.58,36.38,2471702.0,20105945.0
2007-07-09,39.58,41.42,40.72,39.2,2791019.0,23881627.0
2007-07-10,40.53,40.81,39.06,38.69,1679828.0,14068344.0
2007-07-11,38.92,41.0,40.9,38.22,2443342.0,20607683.0
2007-07-12,41.14,41.9,41.47,40.15,3721118.0,32452089.0
2007-07-13,41.47,41.52,40.62,40.1,1266446.0,10913086.0
2007-07-16,40.67,41.42,38.4,38.31,1287135.0,10748754.0
2007-07-17,38.55,41.8,40.57,38.45,1842775.0,15789016.0
2007-07-18,40.1,42.41,41.0,39.87,3039582.0,26799604.0
2007-07-19,40.57,45.1,45.1,40.43,8877161.0,82812843.0
2007-07-20,44.82,47.56,45.95,44.11,9335408.0,90807112.0
2007-07-23,45.76,48.17,47.08,45.43,6933417.0,69001185.0
2007-07-24,47.08,48.64,46.9,46.14,5453354.0,54843468.0
2007-07-25,46.66,48.08,47.89,46.23,4058388.0,40663320.0
2007-07-26,48.41,49.49,48.5,47.32,4322270.0,44439071.0
2007-07-27,47.89,51.85,50.72,47.56,5408397.0,57128018.0
2007-07-30,50.24,51.71,50.58,49.54,4678882.0,50265140.0
2007-07-31,49.77,52.13,51.38,49.73,4194136.0,45490304.0
2007-08-01,51.9,56.52,53.88,51.9,15528858.0,182912806.0
2007-08-02,53.74,58.17,58.03,52.84,14138692.0,168209118.0
2007-08-03,56.61,58.74,56.1,55.1,8378194.0,100335721.0
2007-08-06,56.43,57.42,56.05,52.89,7028402.0,81043717.0
2007-08-07,55.2,56.05,54.21,53.5,3806953.0,44130331.0
2007-08-08,53.45,53.97,51.47,49.16,4464364.0,49280735.0
2007-08-09,51.47,54.35,51.99,50.95,3287685.0,36604455.0
2007-08-10,52.13,52.23,48.74,47.08,3828607.0,39793203.0
2007-08-13,48.36,48.36,47.98,47.08,2971281.0,29994411.0
2007-08-14,47.65,49.91,49.4,47.65,2385515.0,24886848.0
2007-08-15,49.73,49.77,48.88,47.08,2471283.0,25321665.0
2007-08-16,48.88,51.66,50.58,48.59,3798989.0,40641259.0
2007-08-17,49.54,50.95,49.02,48.59,2255887.0,23777042.0
2007-08-20,50.39,51.61,51.47,49.63,2354609.0,25388532.0
2007-08-21,51.33,52.13,51.33,50.72,2144222.0,23322439.0
2007-08-22,50.72,52.65,51.71,50.01,3244344.0,35534206.0
2007-08-23,51.76,55.48,53.97,51.76,4439289.0,50440461.0
2007-08-24,53.5,54.35,52.37,52.18,3078911.0,34455961.0
2007-08-27,52.56,54.02,50.34,49.82,2806936.0,30568368.0
2007-08-28,49.87,51.66,51.05,49.54,2307608.0,24669069.0
2007-08-29,50.72,52.75,50.48,48.5,3123052.0,33509398.0
2007-08-31,52.56,55.53,55.53,52.51,3209835.0,37578725.0
2007-09-03,57.23,57.94,55.01,54.73,8264858.0,98116650.0
2007-09-04,55.15,55.53,53.59,53.31,3251486.0,37326856.0
2007-09-05,53.97,54.73,53.27,51.9,2769017.0,31195134.0
2007-09-06,53.69,55.2,53.97,53.22,2848663.0,32679788.0
2007-09-07,53.31,53.78,51.66,51.52,2722609.0,30278100.0
2007-09-10,51.19,52.98,52.51,49.73,2400519.0,25994618.0
2007-09-11,52.18,53.31,47.74,47.27,2655894.0,29052144.0
2007-09-12,47.41,49.02,48.31,46.61,2265211.0,22950982.0
2007-09-13,48.45,49.21,48.92,47.18,1746407.0,17889338.0
2007-09-14,48.92,50.24,49.59,48.12,2109678.0,22068173.0
2007-09-17,49.02,50.86,50.24,48.59,1932873.0,20500380.0
2007-09-18,50.15,50.2,49.73,48.83,2147928.0,22507818.0
2007-09-19,49.77,51.42,50.1,49.21,2475367.0,26513248.0
2007-09-20,50.43,51.9,51.61,50.01,2594247.0,28144802.0
2007-09-21,51.76,52.79,49.82,49.07,2285704.0,24676559.0
2007-09-24,49.63,50.43,49.02,47.79,1868887.0,19318434.0
2007-09-25,49.07,50.43,49.82,48.22,1513756.0,15834926.0
2007-09-26,49.82,50.62,48.78,48.59,1551554.0,16372783.0
2007-09-27,48.64,49.54,48.88,48.41,1083380.0,11178876.0
2007-09-28,48.88,50.24,49.68,48.88,1634419.0,17247265.0
2007-10-08,50.48,52.75,51.9,49.68,3611504.0,39215222.0
2007-10-09,51.42,52.7,51.52,50.86,2644641.0,28987598.0
2007-10-10,51.9,53.17,50.34,49.82,2485732.0,27179405.0
2007-10-11,50.95,51.66,49.44,49.3,1839123.0,19689220.0
2007-10-12,49.44,49.91,46.66,44.49,2839753.0,28022469.0
2007-10-15,46.66,47.18,47.04,44.73,1605138.0,15674064.0
2007-10-16,47.18,48.03,47.37,46.28,1106290.0,11083151.0
2007-10-17,47.37,48.41,47.08,46.71,1076476.0,10872612.0
2007-10-18,47.08,47.46,46.28,45.29,1006879.0,9939390.0
2007-10-19,47.46,48.41,47.89,46.23,1309292.0,13146870.0
2007-10-22,47.51,47.51,44.44,44.35,816603.0,7971339.0
2007-10-23,44.82,46.14,44.73,43.03,1009233.0,9537188.0
2007-10-24,45.06,45.06,43.07,42.7,962186.0,8942887.0
2007-10-25,42.79,43.17,40.15,40.01,1551319.0,13507007.0
2007-10-26,39.54,41.28,40.05,38.59,801318.0,6780711.0
2007-10-29,39.06,40.9,40.81,38.92,744186.0,6243213.0
2007-10-30,41.05,41.75,41.56,40.2,1096509.0,9542439.0
2007-10-31,41.75,43.22,42.88,41.47,1386626.0,12474832.0
2007-11-01,42.74,42.74,40.9,40.81,979370.0,8614113.0
2007-11-02,40.38,40.86,39.54,39.49,1052624.0,8883137.0
2007-11-05,39.06,40.86,40.48,38.83,718176.0,6114942.0
2007-11-06,41.19,41.75,41.0,40.62,795800.0,6955112.0
2007-11-07,40.62,41.71,40.86,39.77,876623.0,7613132.0
2007-11-08,40.62,43.17,41.33,40.57,2376135.0,21161589.0
2007-11-09,41.19,45.24,44.63,40.48,4372761.0,40645990.0
2007-11-12,43.88,46.14,45.1,43.17,3133487.0,29628156.0
2007-11-13,44.68,46.42,44.87,43.88,2083869.0,19845930.0
2007-11-14,44.91,45.86,45.29,44.54,1720092.0,16494690.0
2007-11-15,45.86,49.82,48.36,45.81,6999628.0,71562080.0
2007-11-16,46.33,48.22,47.27,46.0,2580500.0,25693307.0
2007-11-19,47.18,49.77,49.21,46.99,2581934.0,26823444.0
2007-11-20,49.54,49.68,49.26,47.98,1934987.0,19946246.0
2007-11-21,49.16,49.63,49.21,48.12,1944566.0,20090439.0
2007-11-22,48.12,52.04,50.48,47.46,6266240.0,67119203.0
2007-11-23,49.54,52.13,49.87,48.59,4433648.0,47631136.0
2007-11-26,51.0,52.13,50.48,49.96,3069617.0,33176281.0
2007-11-27,50.01,50.95,49.16,47.65,2971944.0,30881031.0
2007-11-28,49.44,50.72,49.68,48.59,1924880.0,20314160.0
2007-11-29,50.34,50.48,50.15,48.17,1907842.0,19967015.0
2007-11-30,49.68,51.47,49.87,49.35,2321807.0,24945124.0
2007-12-03,49.77,54.73,54.68,48.78,7070441.0,78579236.0
2007-12-04,54.63,55.15,52.32,51.9,5758395.0,65168903.0
2007-12-05,51.9,52.6,52.18,50.86,3746050.0,41000867.0
2007-12-06,51.9,53.78,53.08,51.42,2487570.0,27749507.0
2007-12-07,53.31,53.69,52.46,51.9,2406710.0,26816900.0
2007-12-10,51.99,54.26,53.45,51.57,2887667.0,32785156.0
2007-12-11,53.5,54.63,54.16,52.98,2457379.0,28026052.0
2007-12-12,53.69,54.16,53.45,52.94,1901062.0,21616447.0
2007-12-13,54.26,56.33,52.84,52.75,3496568.0,40688926.0
2007-12-14,51.0,52.37,51.52,49.54,2960471.0,32044045.0
2007-12-17,51.24,52.27,50.95,49.54,1656241.0,17988394.0
2007-12-18,50.72,51.52,50.01,50.01,925651.0,9962037.0
2007-12-19,50.91,52.27,51.66,50.48,1431528.0,15608964.0
2007-12-20,51.76,52.46,51.76,51.33,1232425.0,13573296.0
2007-12-21,51.33,53.31,52.46,51.33,1294410.0,14390340.0
2007-12-24,52.51,54.21,53.55,52.46,2145715.0,24351635.0
2007-12-25,53.59,53.97,53.03,51.94,1810489.0,20382942.0
2007-12-26,53.5,54.49,54.21,52.46,2265458.0,25750845.0
2007-12-27,54.26,57.04,56.85,53.55,6341412.0,75058662.0
2007-12-28,56.61,57.56,56.14,55.44,4260958.0,51030346.0
2008-01-02,57.6,61.76,61.76,57.6,5397589.0,70219661.0
2008-01-10,67.94,67.94,67.94,67.94,287210.0,4135824.0
2008-01-11,74.73,74.73,74.73,73.13,6136125.0,97051729.0
2008-01-14,75.25,79.4,78.55,72.56,13832325.0,220566220.0
2008-01-15,77.04,81.24,78.88,73.27,9792087.0,164957041.0
2008-01-16,77.94,84.31,79.54,76.43,8396695.0,144316796.0
2008-01-17,80.2,81.86,77.94,73.79,5318059.0,88510901.0
2008-01-18,76.85,79.17,76.76,74.45,5372581.0,86936766.0
2008-01-21,77.89,82.56,78.27,77.84,7658259.0,129619353.0
2008-01-22,76.33,76.9,70.44,70.44,6120553.0,93157449.0
2008-01-23,71.14,75.49,74.68,70.53,6011017.0,93670893.0
2008-01-24,73.08,81.15,80.16,73.03,6345714.0,105012887.0
2008-01-25,80.11,88.18,88.18,78.32,13467094.0,245437750.0
2008-01-28,85.96,89.64,80.2,79.73,7423876.0,132820743.0
2008-01-29,80.77,82.94,76.9,74.54,5143767.0,86012045.0
2008-01-30,79.26,80.2,76.62,72.56,3406880.0,55193593.0
2008-01-31,75.49,77.56,73.83,73.46,1970800.0,31107597.0
2008-02-01,74.54,75.96,66.99,66.47,3613085.0,52458794.0
2008-02-04,69.73,73.69,73.6,68.64,2153579.0,32699370.0
2008-02-05,71.95,75.39,73.41,71.95,1938603.0,30124103.0
2008-02-13,71.14,72.66,71.0,69.59,5153186.0,77383476.0
2008-02-14,71.71,78.13,78.13,71.14,6510249.0,104335468.0
2008-02-15,79.26,84.21,81.86,78.79,11664071.0,201464925.0
2008-02-18,83.65,85.49,83.03,81.86,8367426.0,148902983.0
2008-02-19,84.21,89.78,88.41,81.9,9848604.0,182212019.0
2008-02-20,87.7,92.0,91.72,85.72,8570406.0,161295043.0
2008-02-21,91.67,99.92,95.91,90.82,8469263.0,170625256.0
2008-02-22,103.7,103.7,101.1,92.42,12938556.0,268723598.0
2008-02-25,101.2,103.79,91.53,91.06,6636518.0,136190399.0
2008-02-26,95.3,96.01,90.25,86.24,5513186.0,106132271.0
2008-02-27,90.58,93.41,91.86,88.27,4785232.0,91992064.0
2008-02-28,92.33,99.92,94.36,89.17,6152583.0,123566541.0
2008-02-29,94.5,97.9,94.45,92.09,3327828.0,66783794.0
2008-03-03,93.79,98.13,96.24,93.18,6656745.0,134985897.0
2008-03-04,97.61,97.66,92.09,90.68,4613587.0,92453507.0
2008-03-05,91.57,92.09,86.67,84.87,6300282.0,117277275.0
2008-03-06,86.81,91.06,88.65,86.81,3463862.0,65371650.0
2008-03-07,92.47,97.33,93.32,91.9,9655684.0,194502529.0
2008-03-10,89.17,96.1,95.06,88.32,6117893.0,121605466.0
2008-03-11,92.42,103.56,100.82,92.42,10613432.0,223980232.0
2008-03-12,100.96,101.91,90.72,90.72,8884594.0,181847643.0
2008-03-13,87.23,88.84,81.67,81.67,7629525.0,135647085.0
2008-03-14,79.35,83.74,78.41,77.89,4679845.0,79973716.0
2008-03-17,86.05,86.24,86.24,83.27,14840550.0,270702686.0
2008-03-18,81.43,91.43,85.3,78.32,14961173.0,270264483.0
2008-03-19,87.05,93.08,90.58,82.56,11215949.0,211427587.0
2008-03-20,84.36,99.64,97.33,81.53,14782559.0,296096021.0
2008-03-21,95.77,98.98,95.11,93.65,11671774.0,237981770.0
2008-03-24,96.24,100.87,94.36,94.07,9490270.0,196806750.0
2008-03-25,91.57,103.79,103.79,90.68,14027936.0,297177073.0
2008-03-26,107.94,110.3,103.89,99.69,18488203.0,412571381.0
2008-03-27,100.02,103.04,93.98,93.51,12648557.0,261465226.0
2008-03-28,90.91,98.08,94.59,87.38,9979868.0,196041157.0
2008-03-31,91.53,96.58,86.29,85.91,7154296.0,138268232.0
2008-04-01,83.98,87.19,77.94,77.66,7440697.0,127353648.0
2008-04-02,80.2,82.0,75.06,71.81,6545176.0,106368914.0
2008-04-03,74.59,78.55,76.52,70.25,4642874.0,73016390.0
2008-04-07,74.87,82.47,80.39,74.17,5317581.0,89192148.0
2008-04-08,79.69,84.78,82.56,77.99,5685296.0,98331210.0
2008-04-09,81.53,85.86,75.77,75.01,5557486.0,96556331.0
2008-04-10,74.54,78.55,77.37,72.61,3785899.0,60654354.0
2008-04-11,78.41,80.63,79.87,77.37,3364975.0,56674105.0
2008-04-14,78.79,78.79,71.9,71.9,4457505.0,69927497.0
2008-04-15,70.81,75.06,74.45,69.12,3261487.0,49489622.0
2008-04-16,73.36,74.92,70.91,70.06,2343490.0,35659910.0
2008-04-17,70.16,72.51,63.83,63.83,3812107.0,54980255.0
2008-04-18,62.75,62.75,57.98,57.56,5029220.0,63758048.0
2008-04-21,62.32,63.69,55.67,54.3,4122390.0,52194798.0
2008-04-22,53.59,61.24,61.24,52.41,6200029.0,75969531.0
2008-04-23,59.4,64.16,62.89,58.97,5887210.0,77830439.0
2008-04-24,67.14,69.16,69.16,66.52,8785988.0,126895472.0
2008-04-25,67.47,75.25,71.24,67.09,6731803.0,101966496.0
2008-04-28,68.88,73.93,71.95,67.7,5026694.0,76128324.0
2008-04-30,72.66,77.61,74.21,72.18,5306710.0,83902293.0
2008-05-05,74.21,77.28,76.81,73.13,5054250.0,80556717.0
2008-05-06,75.67,76.9,74.97,73.83,4027637.0,64387373.0
2008-05-07,75.3,79.17,72.28,72.0,7899143.0,128389660.0
2008-05-08,74.54,79.5,79.5,74.54,11865411.0,196845412.0
2008-05-09,79.54,84.83,84.64,79.02,12385677.0,214162897.0
2008-05-12,82.61,89.07,87.61,80.2,9380573.0,170227813.0
2008-05-13,83.98,87.28,82.23,81.62,8155825.0,145674765.0
2008-05-14,79.83,89.08,85.09,79.83,9107788.0,91798915.0
2008-05-15,84.07,89.17,85.6,81.53,13881494.0,139796357.0
2008-05-16,84.75,87.05,81.69,78.13,10313020.0,100720491.0
2008-05-19,79.74,80.76,78.98,78.13,4973593.0,46472985.0
2008-05-20,78.98,82.88,77.11,76.85,7594049.0,71470910.0
2008-05-21,75.58,78.72,78.13,72.01,7817859.0,69049584.0
2008-05-22,76.43,83.14,78.72,74.82,9952839.0,93678830.0
2008-05-23,78.64,80.51,77.45,75.75,4534747.0,41590642.0
2008-05-26,76.51,76.94,73.63,73.46,3867766.0,34086939.0
2008-05-27,73.97,75.58,74.05,72.27,2604083.0,22719968.0
2008-05-28,75.5,78.13,77.36,73.46,4380919.0,39457797.0
2008-05-29,77.36,77.36,73.88,73.12,3664401.0,32467884.0
2008-05-30,73.2,75.41,72.44,70.31,3764507.0,32200715.0
2008-06-02,70.4,73.03,71.67,69.89,3873460.0,32356415.0
2008-06-03,71.33,75.16,74.31,71.33,4607103.0,39911254.0
2008-06-04,74.73,81.69,79.4,74.31,13911699.0,128740680.0
2008-06-05,77.53,81.44,77.87,75.58,8938270.0,83122611.0
2008-06-06,76.43,77.87,75.67,75.16,4814362.0,43144448.0
2008-06-10,70.48,72.27,68.11,68.11,5111670.0,41846376.0
2008-06-11,65.81,66.24,63.61,61.31,6010187.0,45220919.0
2008-06-12,62.08,65.14,63.95,59.53,7444290.0,54547322.0
2008-06-13,63.78,64.37,60.63,59.95,4774939.0,34987819.0
2008-06-16,62.25,66.66,66.66,61.4,12579027.0,96914621.0
2008-06-17,68.79,73.37,68.87,66.66,28591497.0,237676442.0
2008-06-18,65.39,73.8,70.83,61.99,22575219.0,180089761.0
2008-06-19,68.11,70.91,63.78,63.78,11672250.0,92409994.0
2008-06-20,62.08,67.77,63.78,58.43,11408926.0,85676596.0
2008-06-23,61.65,63.61,60.21,58.77,6855865.0,48930931.0
2008-06-24,59.62,63.52,62.5,59.62,5500969.0,40282775.0
2008-06-25,61.74,68.79,68.45,61.74,11328151.0,88630307.0
2008-06-26,67.09,75.33,73.2,66.66,33116281.0,286801103.0
2008-06-27,69.21,71.93,67.17,65.9,22863064.0,183925488.0
2008-06-30,73.88,73.88,73.88,73.88,4818148.0,41917888.0
2008-07-01,76.43,80.51,75.83,74.73,43098577.0,393166346.0
2008-07-02,73.29,83.39,83.39,72.27,43923397.0,416611167.0
2008-07-03,83.39,88.32,86.45,81.69,38583412.0,387188175.0
2008-07-04,84.5,91.63,89.93,81.53,32592257.0,331240615.0
2008-07-07,89.0,97.24,92.56,88.06,31071688.0,341743925.0
2008-07-08,91.72,96.81,93.84,89.85,22509685.0,246748335.0
2008-07-09,93.84,95.79,94.69,92.48,19848340.0,219872230.0
2008-07-10,92.56,99.27,87.39,86.62,28526050.0,315829883.0
2008-07-11,90.44,96.13,96.13,87.47,31966474.0,350447301.0
2008-07-14,98.08,104.71,102.92,96.9,36996169.0,438139688.0
2008-07-15,101.91,105.98,103.35,99.53,26991463.0,326596482.0
2008-07-16,103.35,103.35,93.67,93.33,23516348.0,269145868.0
2008-07-17,96.22,97.66,94.09,90.19,23238022.0,257910054.0
2008-07-18,94.09,95.79,92.73,85.35,21488393.0,229826677.0
2008-07-21,91.72,101.99,101.99,90.7,14551797.0,169527828.0
2008-07-22,111.08,112.18,112.18,109.38,13565809.0,178118012.0
2008-07-23,117.11,118.04,115.24,110.48,51754880.0,696652066.0
2008-07-24,115.66,126.79,117.96,113.62,54028776.0,768450665.0
2008-07-25,115.32,120.5,116.0,113.71,30977503.0,425676912.0
2008-07-28,116.34,126.7,126.45,115.32,32177373.0,454491740.0
2008-07-29,123.65,135.71,127.04,123.14,36929159.0,559260860.0
2008-07-30,128.66,129.51,127.64,115.07,30910256.0,453004413.0
2008-07-31,125.68,129.93,124.83,121.01,22956839.0,341661815.0
2008-08-01,122.97,127.04,123.14,117.28,21627270.0,312320041.0
2008-08-04,121.27,129.08,125.94,120.59,20989871.0,311837608.0
2008-08-05,126.36,129.34,116.85,113.37,27582798.0,396594000.0
2008-08-06,117.19,119.57,116.34,111.25,20965839.0,285250756.0
2008-08-07,117.19,119.74,117.87,113.88,20215675.0,279069962.0
2008-08-08,118.04,118.04,106.07,106.07,19590517.0,256514545.0
2008-08-11,102.75,106.75,98.76,96.56,24142220.0,286255133.0
2008-08-12,100.55,103.27,101.57,95.37,22072549.0,262495907.0
2008-08-13,98.93,100.04,97.41,92.22,20569161.0,231660890.0
2008-08-14,95.96,107.17,107.17,93.84,33930473.0,407121474.0
2008-08-18,108.7,109.29,96.47,96.47,29072777.0,355187910.0
2008-08-19,93.33,101.82,101.48,92.73,20950461.0,243878732.0
2008-08-20,99.44,111.67,108.19,97.66,30156560.0,379829826.0
2008-08-21,105.3,118.72,112.78,103.18,34140360.0,442991959.0
2008-08-22,109.55,116.17,109.97,108.7,25764815.0,341163454.0
2008-08-25,108.28,116.34,111.5,106.58,20045868.0,264184426.0
2008-08-26,108.87,111.33,104.2,100.38,25712019.0,315329675.0
2008-08-27,101.74,106.15,100.12,96.9,17841723.0,213553105.0
2008-08-28,100.12,103.01,99.95,97.66,12161065.0,143841395.0
2008-08-29,100.04,104.45,101.57,99.36,14505739.0,174570332.0
2008-09-01,100.21,102.92,99.27,96.47,12847760.0,150963261.0
2008-09-02,97.49,99.87,92.73,92.39,16616453.0,187264477.0
2008-09-03,90.02,90.7,83.48,83.48,26019174.0,261332749.0
2008-09-04,81.53,85.6,82.88,81.02,14309171.0,140968361.0
2008-09-05,79.4,84.41,79.15,77.28,14164404.0,134856609.0
2008-09-08,80.51,82.03,73.12,72.27,16692627.0,151694441.0
2008-09-09,74.31,78.13,76.94,72.1,19946873.0,176856091.0
2008-09-10,75.07,84.67,84.67,74.31,31104075.0,297182572.0
2008-09-11,84.75,90.44,86.2,83.82,40059761.0,410112280.0
2008-09-12,84.92,86.96,82.71,82.37,15196322.0,151092201.0
2008-09-16,81.95,86.28,81.19,79.83,17646174.0,173191009.0
2008-09-17,81.36,82.97,80.76,76.52,18783713.0,175832793.0
2008-09-18,77.11,80.51,77.7,73.2,19057263.0,172843838.0
2008-09-19,84.07,85.52,85.52,82.37,17275140.0,172546573.0
2008-09-22,91.72,94.09,89.0,85.77,29650260.0,313082012.0
2008-09-23,85.09,86.88,83.05,80.68,20023635.0,197593608.0
2008-09-24,80.76,91.38,91.38,79.83,28598312.0,293257337.0
2008-09-25,92.14,95.37,91.72,89.0,34329400.0,372924713.0
2008-09-26,92.39,98.59,93.16,90.87,28051189.0,313220772.0
2008-10-06,89.17,95.88,91.8,86.62,21161606.0,227905407.0
2008-10-07,87.89,95.03,91.97,87.3,16247199.0,177528237.0
2008-10-08,90.44,92.91,83.73,82.8,19465504.0,199322402.0
2008-10-09,85.43,86.45,81.27,80.76,12361599.0,122190385.0
2008-10-10,76.68,77.96,73.29,73.2,13277450.0,117976881.0
2008-10-13,71.08,78.81,78.55,70.74,12684690.0,111702771.0
2008-10-14,81.19,81.95,74.56,74.05,13802836.0,127812664.0
2008-10-15,74.73,76.52,75.58,72.1,9365348.0,82355375.0
2008-10-16,72.18,75.33,68.62,68.02,11991313.0,101246925.0
2008-10-17,69.64,70.74,68.62,67.26,9687104.0,78686453.0
2008-10-20,67.85,74.9,73.71,64.97,15237133.0,127407763.0
2008-10-21,72.61,74.99,71.67,71.33,14543361.0,125338958.0
2008-10-22,70.74,72.18,67.85,67.6,10365703.0,85222736.0
2008-10-23,65.98,74.65,74.65,65.31,35407928.0,305496320.0
2008-10-24,73.88,76.17,71.59,69.72,26012156.0,225284752.0
2008-10-27,69.04,74.31,69.38,68.11,19151372.0,160757264.0
2008-10-28,67.77,70.06,68.11,62.42,26111552.0,203064160.0
2008-10-29,67.77,67.85,61.31,61.31,21504078.0,163196864.0
2008-10-30,61.14,63.18,59.95,57.83,20319188.0,144634672.0
2008-10-31,59.45,61.31,57.41,56.9,14338620.0,100691248.0
2008-11-03,56.3,57.92,54.6,54.01,14444325.0,94717048.0
2008-11-04,54.52,58.17,56.13,54.35,14515731.0,96583808.0
2008-11-05,56.73,58.6,57.41,56.05,15879471.0,107305952.0
2008-11-06,55.45,55.71,53.42,52.23,15697643.0,99088144.0
2008-11-07,51.89,56.98,54.86,51.04,16701523.0,107873392.0
2008-11-10,55.96,60.38,59.53,55.11,20935096.0,143259216.0
2008-11-11,59.27,65.39,61.99,58.34,27794240.0,201799424.0
2008-11-12,60.72,63.27,62.93,60.55,14492636.0,105374376.0
2008-11-13,60.72,69.21,66.66,60.72,28985074.0,226681088.0
2008-11-14,66.92,72.61,71.67,66.24,29480588.0,240538944.0
2008-11-17,70.48,78.72,77.79,69.55,26983524.0,239165840.0
2008-11-18,76.68,78.64,70.91,69.97,28302620.0,247179600.0
2008-11-19,74.73,78.04,78.04,73.97,17152456.0,156092960.0
2008-11-20,85.86,85.86,85.86,85.86,1701171.0,17198840.0
2008-11-21,94.43,94.43,94.43,94.43,20644580.0,229567712.0
2008-11-24,93.16,103.18,95.28,85.01,57272052.0,661885632.0
2008-11-25,96.89,98.51,96.47,87.55,42178692.0,464810432.0
2008-11-26,93.84,95.79,94.52,90.7,25800228.0,283856832.0
2008-11-27,97.75,101.74,91.97,91.46,37882836.0,437270464.0
2008-11-28,90.27,96.73,93.07,90.19,22578484.0,248519184.0
2008-12-01,92.73,102.42,102.42,92.73,30222740.0,353246400.0
2008-12-02,103.77,104.28,98.76,96.39,38085656.0,449230080.0
2008-12-03,97.15,101.65,100.38,96.98,27653412.0,322554528.0
2008-12-04,101.06,109.89,104.45,98.68,38505452.0,469032992.0
2008-12-05,103.6,105.9,101.4,99.36,24662544.0,297484288.0
2008-12-08,102.08,104.79,104.11,100.46,21979748.0,266344944.0
2008-12-09,103.77,109.12,101.65,101.06,26140416.0,325217312.0
2008-12-10,99.87,101.48,99.95,92.48,28068932.0,323056160.0
2008-12-11,98.51,109.38,104.96,95.54,39627452.0,483800064.0
2008-12-12,101.99,107.51,100.29,96.3,27092152.0,325849024.0
2008-12-15,101.91,104.28,103.94,98.51,20260192.0,243969744.0
2008-12-16,103.35,103.86,102.92,99.44,15752393.0,188686592.0
2008-12-17,103.6,106.15,103.27,101.74,19095590.0,233239632.0
2008-12-18,104.11,105.81,102.08,99.78,17542190.0,211291808.0
2008-12-19,101.74,106.58,104.2,100.29,21530316.0,264222864.0
2008-12-22,103.6,104.28,100.04,98.59,16424305.0,194970448.0
2008-12-23,100.12,100.63,90.78,90.53,17454772.0,195712384.0
2008-12-24,91.97,96.73,92.14,90.02,14295100.0,156693632.0
2008-12-25,93.41,93.92,91.12,87.72,13096798.0,139183600.0
2008-12-26,91.8,93.24,90.53,89.25,10739494.0,115965576.0
2008-12-29,89.0,92.73,92.56,87.81,9912594.0,106522288.0
2008-12-30,91.8,93.84,90.61,89.85,9359465.0,100932912.0
2008-12-31,90.53,92.48,91.46,90.19,6767370.0,72831792.0
2009-01-05,93.84,100.12,100.04,92.22,19326660.0,221947200.0
2009-01-06,99.95,101.74,100.97,97.75,16012150.0,188606512.0
2009-01-07,101.82,110.23,104.11,100.89,23034558.0,288081152.0
2009-01-08,108.7,114.47,106.49,103.94,31583518.0,404577664.0
2009-01-09,106.49,109.12,108.19,101.48,21877344.0,273066048.0
2009-01-12,108.11,113.45,108.7,105.64,29578288.0,383068000.0
2009-01-14,111.67,117.02,113.45,109.8,29227618.0,391502688.0
2009-01-15,110.48,118.89,111.93,110.48,29726988.0,399368672.0
2009-01-16,109.97,112.78,107.68,107.09,21847272.0,281497408.0
2009-01-19,108.87,109.97,108.36,106.15,10731537.0,136199120.0
2009-01-20,107.77,108.44,106.24,105.3,8337122.0,104501584.0
2009-01-21,105.81,108.02,107.68,104.45,11040215.0,138577536.0
2009-01-22,107.0,108.11,105.13,104.62,9788193.0,122019936.0
2009-01-23,105.13,107.0,104.88,104.54,7966357.0,99074392.0
2009-02-02,105.9,111.67,111.08,104.37,16903396.0,216596352.0
2009-02-03,110.06,114.22,111.33,109.55,16179031.0,212663888.0
2009-02-04,111.33,115.75,114.31,111.25,18632092.0,249418800.0
2009-02-05,114.31,114.98,111.25,110.65,19298104.0,255543216.0
2009-02-06,111.25,113.8,112.69,111.25,13627233.0,180708608.0
2009-02-09,114.64,119.74,118.81,112.1,27552646.0,374572672.0
2009-02-10,116.43,121.27,117.45,115.15,21685624.0,299986432.0
2009-02-11,115.49,116.85,112.61,111.42,23648894.0,317358912.0
2009-02-12,112.1,117.36,115.32,112.1,17945854.0,243314480.0
2009-02-13,113.97,115.49,114.9,111.16,31927684.0,426088256.0
2009-02-16,114.64,114.81,113.03,111.08,27111844.0,359185344.0
2009-02-17,111.93,124.33,124.33,111.5,43788332.0,615352960.0
2009-02-18,125.51,132.48,115.49,114.64,51556044.0,757660032.0
2009-02-19,114.9,127.04,125.77,114.73,36969780.0,524728576.0
2009-02-20,124.75,129.76,123.31,119.14,42078872.0,611619136.0
2009-02-23,122.2,125.0,123.39,118.97,26239744.0,376864832.0
2009-02-24,122.71,123.65,113.88,113.62,23436232.0,327131520.0
2009-02-25,114.31,116.17,109.38,106.15,20148232.0,261565984.0
2009-02-26,109.38,112.44,99.7,98.42,15378185.0,192655232.0
2009-02-27,98.51,101.4,94.77,91.8,16904690.0,190881984.0
2009-03-02,93.07,97.66,96.98,92.39,11224528.0,127046800.0
2009-03-03,94.26,100.89,99.61,92.56,19594740.0,224999952.0
2009-03-04,98.93,104.96,103.94,98.51,21356052.0,256459648.0
2009-03-05,104.03,105.73,101.74,100.04,19359236.0,234429536.0
2009-03-06,99.44,101.06,98.42,96.73,11869337.0,137653376.0
2009-03-09,99.27,103.09,98.42,96.81,13265576.0,156253696.0
2009-03-10,98.51,100.04,99.95,97.66,8066991.0,93914328.0
2009-03-11,101.57,102.25,98.17,97.66,9638735.0,113357280.0
2009-03-12,98.08,98.08,95.88,92.56,11508815.0,128467504.0
2009-03-13,96.39,97.66,94.18,93.84,8287558.0,93295200.0
2009-03-16,94.26,101.82,100.72,94.26,15861778.0,183814064.0
2009-03-17,100.21,104.03,102.42,98.34,18646372.0,222578048.0
2009-03-18,102.92,104.45,102.33,101.31,19067962.0,230900400.0
2009-03-19,102.33,111.5,108.61,101.91,26066948.0,332102656.0
2009-03-20,108.11,108.19,105.47,104.2,14777016.0,184546016.0
2009-03-23,105.3,107.6,106.32,103.69,14792542.0,184917568.0
2009-03-24,107.77,110.14,106.83,105.73,16168131.0,205694032.0
2009-03-25,113.8,117.53,114.22,109.63,56385672.0,765933056.0
2009-03-26,112.78,120.16,117.19,112.69,42927380.0,590463424.0
2009-03-27,115.49,118.3,114.56,113.62,21452208.0,290667040.0
2009-03-30,113.8,117.11,113.29,110.91,16985192.0,227909232.0
2009-03-31,110.4,118.81,116.34,109.55,23823094.0,324468032.0
2009-04-01,116.26,117.87,116.34,115.49,17890644.0,245602176.0
2009-04-02,116.26,118.21,115.07,113.62,19598354.0,267136528.0
2009-04-03,115.15,117.11,113.97,112.95,15003214.0,203398352.0
2009-04-07,112.52,117.02,114.81,112.52,11711323.0,158051072.0
2009-04-08,113.88,114.64,107.0,106.83,15574304.0,203285664.0
2009-04-09,107.68,108.7,106.49,103.61,12734589.0,158771168.0
2009-04-10,109.55,110.4,109.63,106.83,11617551.0,148963712.0
2009-04-13,111.67,119.31,116.68,109.72,26073752.0,351170816.0
2009-04-14,116.34,118.47,115.58,113.12,22076870.0,300852672.0
2009-04-15,114.39,116.26,115.15,112.1,14883879.0,200225584.0
2009-04-16,115.92,117.02,116.0,112.27,20226480.0,274206464.0
2009-04-17,116.26,119.57,117.53,112.27,30493632.0,418841088.0
2009-04-20,116.6,124.24,121.44,116.17,36723588.0,521857824.0
2009-04-21,119.4,121.86,120.25,115.49,24136960.0,337990944.0
2009-04-22,119.57,124.16,115.75,113.29,27300830.0,385104256.0
2009-04-24,114.9,117.02,112.61,111.42,14248033.0,191453984.0
2009-04-27,113.29,114.56,111.59,110.82,11718564.0,155453040.0
2009-04-28,112.01,115.49,115.24,111.93,14419307.0,192834944.0
2009-04-29,114.47,119.48,118.21,113.54,21082396.0,291396736.0
2009-04-30,119.15,122.37,119.91,118.21,25764268.0,365373088.0
2009-05-04,119.66,126.87,124.75,118.13,36196768.0,526036800.0
2009-05-05,124.83,125.68,124.41,121.61,27396296.0,399289600.0
2009-05-06,122.8,128.49,127.38,122.2,32186932.0,478366688.0
2009-05-07,129.68,131.29,127.21,123.22,35705080.0,535295872.0
2009-05-08,125.6,129.59,128.23,122.2,32337286.0,481688288.0
2009-05-11,128.4,132.48,123.14,122.97,27806724.0,413385088.0
2009-05-12,122.2,128.57,128.15,120.67,22590562.0,334008480.0
2009-05-13,127.21,129.51,128.57,124.75,23960152.0,360077792.0
2009-05-14,133.33,134.6,129.76,128.15,21991612.0,337076064.0
2009-05-15,136.04,136.22,124.83,123.99,49373956.0,750588224.0
2009-05-18,121.44,122.29,119.74,117.28,28298476.0,397729440.0
2009-05-19,119.23,122.29,119.91,118.98,17104100.0,242154272.0
2009-05-20,120.08,120.08,117.45,117.28,15476592.0,215344368.0
2009-05-21,116.26,118.89,117.28,115.66,11775846.0,162971088.0
2009-05-22,116.85,117.96,117.45,116.6,8742840.0,120727848.0
2009-05-25,115.32,116.6,116.34,112.78,9999361.0,134885328.0
2009-05-26,116.43,118.38,116.17,116.0,8927526.0,123203272.0
2009-05-27,116.43,117.45,114.9,114.22,6821358.0,92730456.0
2009-06-01,115.49,117.79,117.19,115.49,9163714.0,126028288.0
2009-06-02,117.79,120.25,118.3,116.51,11081985.0,154467184.0
2009-06-03,117.62,119.66,117.62,117.19,9858603.0,137156080.0
2009-06-04,117.7,117.87,114.56,113.63,13040106.0,176615040.0
2009-06-05,114.56,115.41,113.88,113.37,8092186.0,108859760.0
2009-06-08,113.71,115.32,114.39,112.95,6164822.0,82998648.0
2009-06-09,114.64,115.07,112.95,111.25,6847361.0,90830960.0
2009-06-10,113.29,115.49,115.24,112.18,9490896.0,127355080.0
2009-06-11,114.47,116.68,114.56,113.88,7874939.0,106991200.0
2009-06-12,114.56,115.07,111.33,109.97,8111171.0,107115288.0
2009-06-15,110.82,113.71,112.95,110.74,5116602.0,67550184.0
2009-06-16,112.35,113.29,112.69,111.33,4025723.0,53254816.0
2009-06-17,112.18,116.26,115.58,112.18,10133273.0,137112704.0
2009-06-18,115.75,116.09,114.39,114.22,6654981.0,89828064.0
2009-06-19,114.22,119.4,117.7,113.71,18522152.0,255428528.0
2009-06-22,117.19,117.19,114.81,114.31,8573773.0,116765552.0
2009-06-23,112.78,114.14,112.86,112.52,6324781.0,84271208.0
2009-06-24,113.37,114.05,113.37,112.44,4992396.0,66543468.0
2009-06-25,113.29,115.07,114.14,112.95,6113299.0,82273656.0
2009-06-26,114.22,115.41,113.46,112.52,5805978.0,77701360.0
2009-06-29,114.22,114.39,113.03,112.1,6746335.0,90086552.0
2009-06-30,113.37,113.71,110.91,110.82,7573649.0,99876400.0
2009-07-01,110.91,121.95,118.13,110.91,29061400.0,404074464.0
2009-07-02,117.19,119.06,116.0,114.64,15295954.0,209176064.0
2009-07-03,115.15,118.38,116.94,114.64,11944097.0,164629792.0
2009-07-06,116.94,118.55,115.24,114.81,8464628.0,115648936.0
2009-07-07,115.92,118.21,116.17,115.49,12663738.0,174540144.0
2009-07-08,115.32,116.0,114.47,112.78,10731782.0,144213920.0
2009-07-09,114.47,116.43,116.0,113.8,9797787.0,132976328.0
2009-07-10,115.49,120.42,118.81,115.49,23347884.0,324664192.0
2009-07-13,118.3,126.02,123.22,117.02,38913356.0,562866368.0
2009-07-14,123.9,128.49,126.45,121.27,37737032.0,558438016.0
2009-07-15,124.83,127.04,124.58,123.05,26730036.0,392326368.0
2009-07-16,123.99,131.03,126.02,123.99,30342654.0,455939840.0
2009-07-17,125.68,127.98,124.07,122.71,17763240.0,260499024.0
2009-07-20,125.26,129.51,128.4,122.29,24498240.0,362773984.0
2009-07-21,129.51,132.05,125.94,123.99,22885450.0,344433856.0
2009-07-22,125.26,126.96,126.02,124.07,13721023.0,202869328.0
2009-07-23,124.58,129.08,125.6,124.5,16723969.0,248890048.0
2009-07-24,125.68,129.51,128.91,122.2,27247588.0,405506400.0
2009-07-27,129.93,141.82,138.34,129.25,61172712.0,987815168.0
2009-07-28,136.55,136.81,133.67,132.05,30565198.0,481380032.0
2009-07-29,133.67,133.92,120.84,120.33,25021809.0,376346459.0
2009-07-30,123.14,126.28,123.05,118.89,17169692.0,248866656.0
2009-07-31,124.58,128.91,127.21,122.8,18048052.0,268983936.0
2009-08-03,128.15,131.97,129.76,126.53,17134116.0,260943808.0
2009-08-04,129.93,134.26,131.63,126.53,22613756.0,349313536.0
2009-08-05,129.93,131.2,126.36,123.82,20217644.0,303704992.0
2009-08-06,124.67,128.15,126.36,124.67,11285729.0,167984752.0
2009-08-07,126.96,130.78,127.47,125.94,19334924.0,292685440.0
2009-08-10,133.84,135.37,131.97,129.0,26533046.0,412445536.0
2009-08-11,133.33,144.62,141.82,131.54,45471220.0,740546496.0
2009-08-12,138.25,140.55,132.48,132.14,27325534.0,437989472.0
2009-08-13,133.41,134.86,129.25,127.55,12769195.0,196993312.0
2009-08-14,128.91,130.35,118.13,117.79,18063668.0,261911008.0
2009-08-17,118.21,120.93,109.8,108.78,13612927.0,185162400.0
2009-08-18,109.8,112.69,111.67,106.58,8113022.0,105018672.0
2009-08-19,112.86,113.63,104.88,103.69,9338078.0,119465048.0
2009-08-20,104.37,108.7,107.85,103.09,9517683.0,119187736.0
2009-08-21,106.66,113.8,113.03,105.3,14082703.0,182799104.0
2009-08-24,110.48,112.78,111.76,108.87,10886536.0,142398176.0
2009-08-25,111.76,116.26,112.01,110.65,17349614.0,232631248.0
2009-08-26,111.25,115.41,114.14,109.63,10702453.0,142676976.0
2009-08-27,112.61,116.94,114.14,111.93,10298355.0,138873360.0
2009-08-28,113.12,113.54,108.61,107.77,10081466.0,130055304.0
2009-08-31,107.77,107.85,97.75,97.75,9672261.0,116023752.0
2009-09-01,94.94,100.04,97.58,94.77,6083914.0,69895360.0
2009-09-02,96.98,98.68,97.58,94.94,5686104.0,64811188.0
2009-09-03,97.83,102.67,102.42,97.41,9232912.0,109572592.0
2009-09-04,101.65,103.86,102.84,100.21,11002793.0,132393312.0
2009-09-07,103.01,105.05,102.84,101.91,8114880.0,98704256.0
2009-09-08,101.91,107.6,105.22,98.51,13760392.0,166819104.0
2009-09-09,104.28,106.24,104.71,103.18,9693809.0,119357688.0
2009-09-10,115.15,115.15,115.15,111.5,35037440.0,471768160.0
2009-09-11,114.64,119.74,117.87,112.69,31996260.0,438818464.0
2009-09-14,114.64,121.78,120.08,113.54,28138170.0,389657600.0
2009-09-15,118.04,120.76,117.7,117.02,17234336.0,240384368.0
2009-09-16,118.64,121.78,119.83,117.02,18799008.0,264558912.0
2009-09-17,119.31,121.86,120.17,118.98,14649478.0,207629968.0
2009-09-18,120.17,121.18,113.37,112.86,14909885.0,205093808.0
2009-09-21,112.01,112.95,112.27,107.68,9443888.0,122959464.0
2009-09-22,112.01,114.47,109.3,109.12,7465149.0,98303376.0
2009-09-23,112.1,115.32,112.44,109.29,12170632.0,161187200.0
2009-09-24,110.4,111.59,109.63,105.81,9521501.0,122025256.0
2009-09-25,109.8,111.08,108.78,108.02,5461200.0,70387976.0
2009-09-28,109.55,112.27,107.6,105.73,5671684.0,73171408.0
2009-09-29,107.68,108.7,102.84,100.89,5690054.0,69396424.0
2009-09-30,104.79,104.96,102.92,102.5,3790389.0,46195120.0
2009-10-09,104.28,110.14,109.3,104.03,7681698.0,97283336.0
2009-10-12,110.06,120.25,114.98,109.12,24156810.0,334167776.0
2009-10-13,114.39,117.45,117.11,114.22,13032272.0,177453008.0
2009-10-14,117.87,126.11,120.59,116.94,25862902.0,372761312.0
2009-10-15,122.29,125.6,122.12,119.23,16215919.0,233662256.0
2009-10-16,122.12,124.83,124.07,120.42,17765746.0,257231824.0
2009-10-19,123.82,126.02,125.0,122.29,16699999.0,245305792.0
2009-10-20,124.67,124.92,124.24,121.52,15143480.0,219641712.0
2009-10-21,123.99,126.36,122.03,121.78,14046631.0,204721568.0
2009-10-22,120.67,128.91,125.43,118.72,25701126.0,376900288.0
2009-10-23,128.23,128.83,128.32,125.43,24139348.0,362030048.0
2009-10-26,128.74,132.56,129.0,126.62,17275020.0,263336256.0
2009-10-27,128.74,141.91,141.91,128.15,46518792.0,756239872.0
2009-10-28,146.91,148.19,138.0,136.56,50390300.0,843470464.0
2009-10-29,134.77,148.27,143.35,133.33,46640752.0,782243520.0
2009-10-30,138.42,149.12,143.35,137.15,38630636.0,648508928.0
2009-11-02,148.19,157.7,157.7,146.66,38512492.0,692758144.0
2009-11-03,165.6,169.84,157.96,156.6,58851352.0,1129037568.0
2009-11-04,160.5,160.5,154.9,149.12,57722888.0,1040096192.0
2009-11-05,152.86,158.04,152.94,149.97,47383128.0,861523264.0
2009-11-06,152.69,154.13,148.95,147.85,36248000.0,643884288.0
2009-11-09,146.57,149.89,149.46,146.07,22164992.0,386712416.0
2009-11-10,149.46,152.44,149.89,147.93,26448496.0,468855552.0
2009-11-11,149.38,152.44,151.5,146.24,21990656.0,386670528.0
2009-11-12,151.16,151.84,147.76,147.34,17321002.0,304721056.0
2009-11-13,146.91,152.44,152.01,146.57,24758318.0,437853184.0
2009-11-16,154.13,155.32,152.69,150.99,25060024.0,450022912.0
2009-11-17,152.44,152.52,150.91,149.04,18816326.0,333717632.0
2009-11-18,150.91,150.91,147.68,147.0,17582662.0,307437984.0
2009-11-19,147.68,150.31,149.46,147.68,14802221.0,259837328.0
2009-11-20,149.04,149.04,148.36,146.91,13592191.0,236643760.0
2009-11-23,147.0,152.18,151.5,147.0,21491290.0,380287488.0
2009-11-24,152.26,153.45,138.76,136.89,27793396.0,481632512.0
2009-11-25,137.49,139.78,139.7,132.05,21004996.0,338208832.0
2009-11-26,139.27,139.44,129.51,127.38,19516084.0,309066880.0
2009-11-27,128.23,131.63,129.34,127.55,13285251.0,202949024.0
2009-11-30,130.69,133.33,133.24,130.35,10478013.0,162825824.0
2009-12-01,133.41,136.3,135.45,131.46,12444337.0,196227504.0
2009-12-02,135.11,137.23,135.28,133.92,12384169.0,197582112.0
2009-12-03,136.3,140.55,136.89,135.88,16065899.0,261707424.0
2009-12-04,135.62,135.62,130.95,128.23,16432441.0,255364960.0
2009-12-07,130.95,133.84,133.75,130.61,7484573.0,117000024.0
2009-12-08,134.26,134.69,132.14,130.78,6656697.0,103801912.0
2009-12-09,130.69,134.01,132.48,129.59,7525698.0,117465840.0
2009-12-10,132.48,134.01,132.22,131.03,4921383.0,76538248.0
2009-12-11,133.24,133.75,131.71,131.38,5198995.0,80983352.0
2009-12-14,130.61,131.63,128.83,126.96,6626860.0,100143368.0
2009-12-15,129.51,130.44,129.85,128.74,5146901.0,78473320.0
2009-12-16,129.76,129.76,127.55,127.3,6258406.0,94546816.0
2009-12-17,127.47,133.92,128.83,127.38,12116972.0,186668224.0
2009-12-18,125.69,125.69,119.66,119.4,8511725.0,121971088.0
2009-12-21,119.66,121.61,121.44,119.06,4884864.0,69374304.0
2009-12-22,121.44,121.86,118.38,116.34,5020103.0,70228040.0
2009-12-23,118.55,120.67,120.25,118.21,4152691.0,58487016.0
2009-12-24,120.33,123.56,123.48,119.83,7654852.0,110057544.0
2009-12-25,123.14,123.56,122.46,121.44,5223776.0,75398784.0
2009-12-28,122.29,124.58,123.73,122.29,5368576.0,78124352.0
2009-12-29,123.65,128.74,127.98,123.22,13067384.0,195636752.0
2009-12-30,127.98,127.98,126.11,124.16,7742560.0,114817168.0
2009-12-31,126.45,128.66,127.55,125.77,6264938.0,93811984.0
2010-01-04,127.47,128.83,126.45,126.28,5616160.0,84175256.0
2010-01-05,126.53,126.96,123.48,121.69,8096584.0,117716728.0
2010-01-06,123.14,124.92,122.63,122.29,5253833.0,76519627.0
2010-01-07,122.71,123.14,120.67,120.17,5863125.0,83921744.0
2010-01-08,120.59,123.14,123.14,119.74,4619697.0,66378188.0
2010-01-11,123.73,126.28,125.6,122.03,7920404.0,116045664.0
2010-01-12,125.6,129.85,129.51,125.0,13350428.0,201151850.0
2010-01-13,127.38,128.91,124.33,123.82,9312845.0,138624816.0
2010-01-14,125.26,128.23,127.98,124.83,7481011.0,111836920.0
2010-01-15,128.06,131.54,129.25,127.38,11363698.0,173438768.0
2010-01-18,129.17,132.99,131.54,128.23,12329749.0,190671984.0
2010-01-19,131.29,131.63,129.51,128.66,9090527.0,138714976.0
2010-01-20,129.51,130.35,122.54,122.29,8934846.0,132447232.0
2010-01-21,122.46,130.35,128.74,122.29,11936407.0,179667920.0
2010-01-22,126.11,131.63,131.29,125.69,20505886.0,313517920.0
2010-01-25,130.61,133.16,125.43,125.0,10092193.0,152951536.0
2010-01-26,124.84,126.36,115.92,114.05,10296566.0,144026688.0
2010-01-27,116.34,117.96,113.54,113.37,4669230.0,63497552.0
2010-01-28,113.54,114.56,113.29,111.08,4457032.0,58949256.0
2010-01-29,113.29,115.32,112.52,111.16,4326506.0,57756468.0
2010-02-01,111.59,112.86,108.95,107.0,5694817.0,73090064.0
2010-02-02,111.08,111.25,107.94,107.51,3584548.0,46224116.0
2010-02-03,108.28,112.95,112.95,107.68,6557189.0,85731768.0
2010-02-04,112.52,115.92,113.03,111.08,5894664.0,78993832.0
2010-02-05,110.4,112.44,108.7,107.6,5007931.0,64896680.0
2010-02-08,107.85,112.86,110.74,107.85,3632690.0,47627736.0
2010-02-09,110.74,115.49,112.52,110.48,5004187.0,66828540.0
2010-02-10,112.44,113.29,112.95,111.42,2637728.0,34852192.0
2010-02-11,113.63,115.15,112.35,112.01,4143900.0,55507604.0
2010-02-12,112.01,114.22,113.71,111.76,2917590.0,38857152.0
2010-02-22,113.8,114.56,112.78,112.18,3598210.0,48032300.0
2010-02-23,112.78,113.12,112.86,109.12,3990451.0,52214752.0
2010-02-24,112.01,115.07,114.98,111.67,6499253.0,87244928.0
2010-02-25,114.64,118.81,117.62,114.31,9168979.0,126269648.0
2010-02-26,116.77,120.5,120.33,116.26,9021925.0,125500240.0
2010-03-01,118.98,120.17,118.89,117.62,8492852.0,118675168.0
2010-03-02,118.89,120.17,117.19,116.43,5952520.0,82715376.0
2010-03-03,117.53,121.86,120.59,116.77,10660214.0,150160144.0
2010-03-04,119.83,126.96,124.24,118.04,25101176.0,361920544.0
2010-03-05,123.82,129.85,128.91,122.29,33948500.0,511368992.0
2010-03-08,128.74,131.54,128.32,125.69,17242864.0,260634288.0
2010-03-09,128.4,129.08,125.43,124.84,13199603.0,197203552.0
2010-03-10,125.34,126.45,121.44,120.17,10600516.0,153354016.0
2010-03-11,121.61,123.99,122.63,118.04,9099783.0,129758776.0
2010-03-12,121.86,121.86,118.72,118.64,6027311.0,85232592.0
2010-03-15,118.3,120.93,120.0,117.87,4671556.0,65798448.0
2010-03-16,119.49,121.35,121.1,118.3,3889227.0,54914072.0
2010-03-17,121.35,123.48,123.22,120.5,7370843.0,106571696.0
2010-03-18,128.4,131.63,124.92,124.58,13935282.0,209180576.0
2010-03-19,123.65,126.11,125.26,123.48,6729773.0,98846840.0
2010-03-22,125.69,127.64,125.86,124.84,5907401.0,87573320.0
2010-03-23,125.26,126.28,122.46,122.29,6136507.0,89504368.0
2010-03-24,123.05,123.56,121.95,121.52,4578877.0,65935464.0
2010-03-26,118.98,126.11,124.41,118.98,7521397.0,109455480.0
2010-03-29,124.84,125.52,124.16,123.05,5922336.0,86559800.0
2010-03-30,124.07,126.96,125.34,123.56,7196520.0,106602192.0
2010-03-31,124.67,126.03,125.01,124.41,5056709.0,74522888.0
2010-04-01,124.41,127.04,126.62,124.41,8661124.0,128132760.0
2010-04-02,126.53,126.87,125.6,125.01,5834847.0,86351800.0
2010-04-06,125.94,126.7,124.16,123.82,6065326.0,89035152.0
2010-04-07,123.56,124.84,123.99,122.37,5201748.0,75714368.0
2010-04-08,124.07,124.75,123.48,122.29,5162814.0,75069312.0
2010-04-09,123.14,124.67,123.73,122.29,5713950.0,83093320.0
2010-04-12,122.97,125.26,122.88,122.63,6124955.0,89264984.0
2010-04-13,122.71,125.09,120.67,118.89,7532820.0,108157640.0
2010-04-14,121.27,123.65,122.29,121.01,4751037.0,68378432.0
2010-04-15,124.07,126.96,124.67,123.14,10114171.0,149271792.0
2010-04-16,123.82,123.99,121.35,119.83,4880142.0,70012656.0
2010-04-19,119.74,120.5,110.57,110.4,9758467.0,132700152.0
2010-04-20,110.48,112.44,108.11,106.83,6698855.0,85420672.0
2010-04-21,107.43,110.99,110.23,107.43,5703840.0,73603744.0
2010-04-22,109.55,111.08,110.4,107.85,5656011.0,72787312.0
2010-04-23,110.31,110.57,108.11,107.85,4304068.0,55303504.0
2010-04-26,108.28,109.12,108.02,107.77,3253725.0,41582688.0
2010-04-28,103.61,104.37,102.25,101.23,4991183.0,60237000.0
2010-04-29,102.33,106.07,102.42,102.33,3771312.0,46374360.0
2010-04-30,101.48,102.76,97.15,95.11,3890354.0,45057216.0
2010-05-04,95.2,95.54,92.06,91.89,3696868.0,40900312.0
2010-05-05,91.55,93.84,93.5,87.89,5749883.0,61454544.0
2010-05-06,92.73,92.73,87.56,87.47,4904678.0,52099468.0
2010-05-07,85.77,88.74,86.45,85.01,3724528.0,38145524.0
2010-05-10,85.94,88.32,87.89,85.6,3315788.0,34072104.0
2010-05-11,89.93,91.29,86.79,86.45,3643781.0,38067960.0
2010-05-12,85.86,89.59,88.74,85.77,4224864.0,43845160.0
2010-05-13,89.17,89.85,89.68,86.37,4532053.0,47325052.0
2010-05-14,88.66,92.06,90.78,87.98,6610691.0,70299360.0
2010-05-17,89.25,89.68,81.69,81.69,5851622.0,58920040.0
2010-05-18,79.91,83.82,82.54,78.13,5049111.0,47877500.0
2010-05-19,81.86,83.31,82.29,79.83,3876093.0,37394660.0
2010-05-20,80.85,82.54,78.21,77.62,3739137.0,35480900.0
2010-05-21,75.58,80.34,79.66,74.9,4529131.0,41497912.0
2010-05-24,80.59,84.16,82.97,79.74,6902120.0,67167224.0
2010-05-25,81.61,86.2,84.07,81.27,8233668.0,81769936.0
2010-05-26,84.07,87.13,86.96,82.38,7706645.0,77136072.0
2010-05-27,85.52,87.13,86.54,83.65,5940217.0,59921516.0
2010-05-28,87.05,87.39,84.41,84.07,5521871.0,55577172.0
2010-05-31,83.65,85.52,81.27,80.93,4178368.0,41385428.0
2010-06-01,80.68,81.1,78.55,77.28,3725001.0,34453976.0
2010-06-02,77.28,80.42,80.17,77.28,2989103.0,27800768.0
2010-06-03,80.59,81.36,78.64,78.55,3539276.0,33396906.0
2010-06-04,77.79,81.95,81.44,77.45,5659676.0,53565892.0
2010-06-07,79.06,81.61,81.36,78.72,4422842.0,41824560.0
2010-06-08,80.68,83.31,82.2,80.68,5007593.0,48335380.0
2010-06-09,82.63,84.75,84.5,82.03,6544001.0,64467116.0
2010-06-10,83.65,84.33,83.05,82.8,4056625.0,39878328.0
2010-06-11,83.91,83.91,81.86,81.78,2666033.0,25915612.0
2010-06-17,82.21,83.48,80.93,80.84,2461035.0,23790116.0
2010-06-18,81.1,82.03,78.29,77.86,2943131.0,27569920.0
2010-06-21,78.97,81.61,81.35,77.52,3183151.0,29978768.0
2010-06-22,80.84,88.59,86.21,80.42,9964633.0,99975832.0
2010-06-23,84.33,85.87,84.68,82.89,7230610.0,71644936.0
2010-06-24,84.34,85.19,83.82,83.06,3343563.0,32977698.0
2010-06-25,83.48,83.82,81.1,80.16,3453705.0,33131348.0
2010-06-29,80.93,81.1,73.6,73.35,4553170.0,40963440.0
2010-06-30,71.81,72.92,71.39,70.88,2383633.0,20058440.0
2010-07-01,72.24,72.41,69.0,68.75,2822459.0,23393158.0
2010-07-02,68.75,70.02,69.43,65.85,3346922.0,26742570.0
2010-07-05,68.15,69.43,68.66,67.3,1904304.0,15282538.0
2010-07-06,69.43,75.56,75.56,69.43,4576160.0,40084204.0
2010-07-07,82.63,83.14,83.14,82.63,5444044.0,53064392.0
2010-07-08,85.78,85.78,83.65,80.5,21884982.0,212976160.0
2010-07-09,81.86,85.02,83.74,81.27,12488369.0,121735152.0
2010-07-12,82.8,88.08,83.82,82.21,13860672.0,138863872.0
2010-07-13,81.78,86.72,86.38,81.1,15241819.0,151156448.0
2010-07-14,86.47,88.42,85.61,84.85,14587951.0,148558752.0
2010-07-15,85.7,87.32,83.31,82.89,10673738.0,106798504.0
2010-07-16,82.8,86.04,85.87,82.46,8585247.0,84715624.0
2010-07-19,84.93,90.13,88.34,84.76,16750159.0,173745872.0
2010-07-20,88.17,91.75,90.72,87.83,16625154.0,175052624.0
2010-07-21,90.3,90.72,88.17,87.74,11694637.0,122010768.0
2010-07-22,88.17,91.58,90.47,87.4,11339549.0,119308584.0
2010-07-23,90.13,92.85,90.81,86.98,13871166.0,146262064.0
2010-07-26,90.64,90.64,89.96,88.68,7320731.0,77013440.0
2010-07-27,89.7,89.7,88.34,88.25,6180466.0,64388016.0
2010-07-28,87.74,91.83,90.64,87.49,10674157.0,112954976.0
2010-07-29,90.89,92.77,90.55,89.45,10445289.0,111477488.0
2010-07-30,90.38,95.24,93.28,89.96,17596012.0,191416512.0
2010-08-02,92.6,94.39,93.62,91.92,10931906.0,119518216.0
2010-08-03,93.36,94.22,89.62,89.45,12059312.0,129912112.0
2010-08-04,89.87,90.81,90.38,88.25,7055387.0,74154048.0
2010-08-05,89.96,91.24,89.45,88.85,6248143.0,66123108.0
2010-08-06,89.36,91.15,90.98,87.15,8185938.0,85784512.0
2010-08-09,90.72,96.77,96.18,90.21,21627652.0,239543424.0
2010-08-10,94.98,95.24,90.04,89.87,14451113.0,158317376.0
2010-08-11,90.3,91.58,90.47,88.85,6566751.0,69545824.0
2010-08-12,89.11,91.32,88.94,88.68,5914825.0,62488660.0
2010-08-13,89.45,90.98,90.89,87.83,6148638.0,64692872.0
2010-08-16,90.72,93.62,92.6,90.72,7682170.0,83164016.0
2010-08-17,92.68,95.24,94.47,92.51,11397703.0,125783312.0
2010-08-18,93.71,95.41,94.56,91.83,10294222.0,113276352.0
2010-08-19,94.56,96.18,94.9,93.71,11562940.0,129106312.0
2010-08-20,94.98,95.84,91.83,91.32,9624690.0,105316792.0
2010-08-23,91.32,93.54,91.92,90.72,5409886.0,58478352.0
2010-08-24,91.24,95.24,95.07,90.81,10595592.0,116998064.0
2010-08-25,94.56,100.78,97.8,93.79,27083592.0,311408128.0
2010-08-26,97.2,103.33,101.54,96.18,29662524.0,349191712.0
2010-08-27,100.52,101.12,99.84,97.8,12363333.0,144254832.0
2010-08-30,99.67,101.71,101.63,98.22,13773439.0,161853808.0
2010-08-31,100.27,101.63,98.99,97.54,12915691.0,150284752.0
2010-09-01,98.39,100.01,96.01,94.64,11043988.0,126139336.0
2010-09-02,96.69,97.45,96.52,95.84,9152442.0,103802656.0
2010-09-03,97.11,101.12,100.18,95.75,14099084.0,164245232.0
2010-09-06,100.09,100.44,97.88,96.69,9173549.0,105779688.0
2010-09-07,97.8,100.35,100.01,96.77,8614069.0,100107624.0
2010-09-08,99.67,100.18,99.16,97.54,7366122.0,85559568.0
2010-09-09,98.82,100.78,97.2,96.94,9110177.0,105432480.0
2010-09-10,97.11,98.05,95.5,93.88,8166161.0,91649296.0
2010-09-13,95.58,97.54,97.03,95.07,5009762.0,56827700.0
2010-09-14,96.77,98.22,96.77,96.35,5060845.0,57737496.0
2010-09-15,96.77,106.14,102.22,96.77,24109616.0,286854080.0
2010-09-16,100.61,101.63,97.28,95.92,11114996.0,128064136.0
2010-09-17,97.28,102.22,100.18,96.26,13404521.0,158232944.0
2010-09-20,100.61,105.63,103.5,99.67,16180332.0,196698144.0
2010-09-21,104.1,110.49,107.76,101.63,27526130.0,345006208.0
2010-09-27,107.93,109.55,107.0,104.61,17893220.0,224128016.0
2010-09-28,106.31,109.81,106.23,105.21,14521016.0,182518720.0
2010-09-29,105.29,106.06,100.95,100.35,12051460.0,145489872.0
2010-09-30,100.52,103.76,103.33,99.5,6902723.0,82672072.0
2010-10-08,103.93,105.12,104.53,102.31,8919470.0,108848600.0
2010-10-11,103.93,107.0,106.14,102.06,13904821.0,170984080.0
2010-10-12,105.55,108.53,106.74,104.61,12252454.0,153658000.0
2010-10-13,108.95,109.81,104.87,104.18,12955576.0,161830848.0
2010-10-14,104.69,112.36,109.12,103.33,21399860.0,272041824.0
2010-10-15,108.87,116.28,114.83,107.17,29714214.0,393215264.0
2010-10-18,116.96,118.41,113.04,109.3,25796492.0,345012160.0
2010-10-19,113.47,124.37,122.41,111.17,34371352.0,486844992.0
2010-10-20,118.24,126.67,120.8,117.64,31358912.0,450736864.0
2010-10-21,123.35,124.2,121.99,119.35,15541571.0,222106816.0
2010-10-22,120.97,121.14,117.13,116.54,18354988.0,255006688.0
2010-10-25,116.96,119.6,118.58,116.37,11854566.0,164370496.0
2010-10-26,117.73,123.52,121.56,117.13,16371653.0,233433472.0
2010-10-27,120.2,123.27,118.16,117.64,12329136.0,174111712.0
2010-10-28,117.73,118.92,113.72,113.13,11729520.0,158504224.0
2010-10-29,114.15,120.97,120.28,113.81,13899264.0,192818304.0
2010-11-01,119.77,126.84,124.46,119.09,20919436.0,304010656.0
2010-11-02,123.52,128.89,124.12,121.9,21395436.0,316250208.0
2010-11-03,124.37,129.57,125.14,123.52,21571708.0,322071648.0
2010-11-04,128.89,131.96,127.1,124.54,15354242.0,229285568.0
2010-11-05,127.7,136.3,131.44,126.08,34257156.0,529667808.0
2010-11-08,132.47,133.4,128.46,126.76,29042924.0,438612096.0
2010-11-09,127.61,127.61,125.14,124.2,15046106.0,221050608.0
2010-11-10,124.37,127.61,126.76,122.5,12837323.0,188292240.0
2010-11-11,125.23,126.5,122.07,121.99,13035711.0,190906992.0
2010-11-12,121.9,122.93,109.89,109.89,17270394.0,234477072.0
2010-11-15,110.15,112.45,111.42,108.7,7914779.0,102919656.0
2010-11-16,111.42,112.87,103.84,103.08,9099881.0,115822408.0
2010-11-17,103.67,105.8,104.61,102.74,6376106.0,78020616.0
2010-11-18,105.46,106.91,104.78,104.27,5053035.0,62413188.0
2010-11-19,105.21,106.06,105.97,102.48,6136292.0,75330752.0
2010-11-22,104.36,106.83,105.55,104.1,6138929.0,75962760.0
2010-11-23,105.97,108.19,106.66,104.78,8347368.0,104347296.0
2010-11-24,105.63,109.47,109.04,103.93,8692583.0,109247736.0
2010-11-25,109.3,110.49,109.38,108.1,7508229.0,96441328.0
2010-11-26,110.4,112.28,109.81,108.44,7996686.0,103659672.0
2010-11-29,111.51,111.51,106.48,106.31,6230169.0,78780272.0
2010-11-30,106.06,106.91,100.44,98.05,8638899.0,103516712.0
2010-12-01,100.35,101.71,100.44,99.67,3269971.0,38604516.0
2010-12-02,101.97,102.91,99.92,99.75,4486032.0,53276496.0
2010-12-03,100.52,100.95,99.58,97.97,3659659.0,42572400.0
2010-12-06,99.58,100.44,97.2,96.77,3797922.0,43714728.0
2010-12-07,97.28,99.84,99.5,96.77,3785466.0,43732328.0
2010-12-08,99.75,100.01,98.22,97.62,3002173.0,34900788.0
2010-12-09,98.22,98.22,94.64,94.56,3736901.0,42120916.0
2010-12-10,93.96,96.01,95.5,93.36,2756293.0,30759156.0
2010-12-13,95.92,97.88,97.8,95.75,3752839.0,42759144.0
2010-12-14,98.56,101.63,101.46,97.97,7210488.0,84903952.0
2010-12-15,101.2,109.3,107.08,100.86,13042263.0,159797712.0
2010-12-16,106.06,108.61,105.46,103.25,15599294.0,192765888.0
2010-12-17,104.44,107.0,103.25,102.22,6541555.0,79662888.0
2010-12-20,103.42,104.01,99.41,96.26,5623210.0,66245352.0
2010-12-21,99.41,101.8,101.2,98.82,3148508.0,37155152.0
2010-12-22,101.03,101.8,98.65,98.39,3443958.0,40286260.0
2010-12-23,98.05,99.5,97.45,97.11,2251654.0,25999208.0
2010-12-24,97.11,98.39,95.58,94.98,2390100.0,26984380.0
2010-12-27,95.58,97.45,93.36,93.36,2860242.0,32042152.0
2010-12-28,93.62,94.39,90.55,90.47,2647481.0,28601076.0
2010-12-29,91.24,92.68,92.26,90.3,1549103.0,16672075.0
2010-12-30,92.17,92.68,91.15,89.53,2115576.0,22633204.0
2010-12-31,90.89,94.47,94.3,90.55,2818715.0,30649272.0
2011-01-04,94.56,96.26,96.09,93.79,2841489.0,31802252.0
2011-01-05,97.11,98.9,96.35,95.67,4367689.0,49883828.0
2011-01-06,95.58,98.56,96.77,95.58,3560428.0,40736416.0
2011-01-07,97.03,98.73,96.52,95.75,3575446.0,40966100.0
2011-01-10,96.69,98.73,92.94,92.68,3443197.0,38737424.0
2011-01-11,92.09,92.77,92.17,90.81,2155129.0,23187400.0
2011-01-12,92.34,93.96,92.85,91.66,1659665.0,18071110.0
2011-01-13,93.03,94.05,92.94,92.34,1519541.0,16631662.0
2011-01-14,92.43,92.77,90.64,90.3,1863984.0,19929884.0
2011-01-17,90.3,90.55,86.55,85.7,2537614.0,26126798.0
2011-01-18,86.89,87.91,87.4,86.04,1066247.0,10887388.0
2011-01-19,88.59,89.87,89.53,87.74,1727772.0,18053672.0
2011-01-20,90.98,98.48,94.9,90.21,17844662.0,203455904.0
2011-01-21,91.06,97.11,95.84,90.64,11151191.0,122203704.0
2011-01-24,94.05,97.8,92.85,92.34,6503609.0,72625552.0
2011-01-25,92.51,92.68,88.17,86.98,4865418.0,50803496.0
2011-01-26,88.17,90.04,89.62,87.83,2107576.0,22051328.0
2011-01-27,88.68,91.06,90.98,88.17,3205177.0,33877920.0
2011-01-28,90.72,92.26,91.06,89.87,3019273.0,32249190.0
2011-01-31,90.81,91.49,91.24,89.45,3086507.0,32863808.0
2011-02-01,90.98,94.22,93.62,90.72,4284999.0,46842264.0
2011-02-09,92.77,94.98,93.45,92.17,4416168.0,48474096.0
2011-02-10,92.85,96.09,96.01,92.6,5048445.0,56330396.0
2011-02-11,97.88,102.39,99.58,96.09,11341532.0,132273272.0
2011-02-14,98.14,100.52,99.67,97.28,8371581.0,97099248.0
2011-02-15,99.5,101.8,99.75,98.65,7271420.0,85708144.0
2011-02-16,100.44,102.14,102.05,99.33,7730929.0,91737736.0
2011-02-17,103.08,104.35,102.48,100.18,9861977.0,118080112.0
2011-02-18,101.88,102.74,101.29,100.18,6594139.0,78389608.0
2011-02-21,100.09,102.14,101.71,99.75,4388774.0,52189440.0
2011-02-22,102.22,102.65,96.26,95.67,7987568.0,92631280.0
2011-02-23,96.6,98.48,97.71,96.26,3985020.0,45526536.0
2011-02-24,97.54,102.48,101.54,96.94,8570464.0,100834016.0
2011-02-25,101.2,105.21,104.27,99.33,14492031.0,175141072.0
2011-02-28,104.01,106.48,104.27,102.65,13324492.0,163123872.0
2011-03-01,104.27,106.4,103.59,102.31,8854588.0,107923768.0
2011-03-02,102.74,103.25,101.8,100.09,5876175.0,70098144.0
2011-03-03,101.2,103.08,102.74,100.69,5488369.0,65843936.0
2011-03-04,102.74,106.06,105.55,101.88,11929613.0,146782432.0
2011-03-07,107.34,110.49,107.68,106.14,14504874.0,184224816.0
2011-03-08,107.34,112.45,111.77,107.0,17375292.0,225926368.0
2011-03-09,110.74,111.68,109.98,109.04,9389348.0,121292640.0
2011-03-10,111.85,116.71,110.4,110.06,15633537.0,208152416.0
2011-03-11,108.19,111.42,108.78,107.68,8883367.0,113907904.0
2011-03-14,108.7,110.57,108.53,107.0,6116699.0,78035032.0
2011-03-15,108.02,109.12,107.0,104.35,6743864.0,84028096.0
2011-03-16,106.4,108.53,107.42,106.23,4610644.0,58051864.0
2011-03-17,106.4,110.15,107.59,103.08,8872895.0,112595544.0
2011-03-18,108.19,111.25,109.81,107.0,9173044.0,117945280.0
2011-03-21,109.64,111.51,110.32,108.27,7605273.0,98301528.0
2011-03-22,110.32,110.83,108.87,107.34,5387650.0,68972960.0
2011-03-23,108.27,110.15,108.95,108.27,4324168.0,55463120.0
2011-03-24,108.95,112.45,111.68,108.61,10414848.0,135871552.0
2011-03-25,111.59,112.11,110.83,110.23,6126486.0,79758360.0
2011-03-28,110.74,111.17,107.17,106.31,11777820.0,149297488.0
2011-03-29,107.17,107.68,103.16,102.31,7503917.0,92187720.0
2011-03-30,102.57,104.36,101.88,101.8,4226297.0,51063600.0
2011-03-31,101.88,103.33,101.97,100.18,5701606.0,68043600.0
2011-04-01,102.48,105.46,104.78,101.29,4099600.0,49596472.0
2011-04-06,108.1,110.23,104.44,102.22,13829646.0,171959216.0
2011-04-07,102.91,106.66,106.48,101.46,9510162.0,116505312.0
2011-04-08,107.25,109.04,105.63,104.87,11301914.0,141415504.0
2011-04-11,105.89,106.23,102.74,102.57,7969046.0,96639352.0
2011-04-12,103.16,103.59,102.57,101.71,4449608.0,53580812.0
2011-04-13,102.57,103.93,103.25,100.95,4466858.0,53786880.0
2011-04-14,102.82,103.67,101.8,101.71,3635318.0,43566656.0
2011-04-15,102.06,102.22,101.8,101.03,2917261.0,34777992.0
2011-04-18,101.8,102.31,102.22,100.69,3249868.0,38688160.0
2011-04-19,101.97,102.06,99.41,98.99,4102264.0,48205836.0
2011-04-20,100.01,101.12,100.27,99.67,2162739.0,25455274.0
2011-04-21,100.35,101.2,100.86,100.27,2627146.0,31045796.0
2011-04-22,101.29,101.97,100.35,99.92,3668782.0,43456012.0
2011-04-25,100.09,100.09,95.41,95.24,4716632.0,53531340.0
2011-04-27,94.56,96.43,93.28,92.68,2541726.0,28237832.0
2011-04-28,93.88,94.56,90.81,89.96,2415426.0,26130820.0
2011-04-29,90.98,92.09,92.0,90.3,1734959.0,18599188.0
2011-05-03,92.85,93.36,93.19,92.0,1971758.0,21474450.0
2011-05-04,93.36,93.54,90.98,90.81,2183423.0,23528038.0
2011-05-05,91.41,95.24,93.28,90.98,2458728.0,26828436.0
2011-05-06,92.17,93.54,92.17,90.81,1892184.0,20441624.0
2011-05-09,92.43,93.45,92.68,91.92,1370061.0,14916938.0
2011-05-10,92.85,93.96,93.88,92.43,1895218.0,20770274.0
2011-05-11,94.56,94.56,93.88,92.43,2258705.0,24824058.0
2011-05-12,93.54,93.54,91.75,91.66,2131932.0,23199532.0
2011-05-13,92.0,93.62,93.54,91.24,2106201.0,22888076.0
2011-05-16,93.03,93.54,92.17,91.92,1735761.0,18881308.0
2011-05-17,92.17,92.85,92.43,91.49,1384727.0,14983381.0
2011-05-18,92.6,94.22,93.37,91.92,2025249.0,22205162.0
2011-05-19,93.62,93.96,92.26,92.0,1651865.0,18030936.0
2011-05-20,92.26,92.6,91.32,90.98,1533949.0,16491112.0
2011-05-23,91.32,91.32,86.89,86.72,2198272.0,22889070.0
2011-05-24,86.38,89.28,87.66,86.38,2125717.0,21959740.0
2011-05-25,87.74,88.42,86.04,85.53,1652565.0,16880340.0
2011-05-26,86.64,87.74,85.7,85.44,1645630.0,16743729.0
2011-05-27,85.7,86.38,82.29,81.78,1986798.0,19568068.0
2011-05-30,82.29,82.63,78.71,78.54,1881762.0,17874676.0
2011-05-31,78.88,81.35,81.1,78.29,1997207.0,18677360.0
2011-06-01,80.93,81.95,81.78,80.16,1224661.0,11686811.0
2011-06-02,80.76,87.23,82.89,80.5,5446638.0,53875452.0
2011-06-03,81.61,83.23,82.72,80.67,2523534.0,24349996.0
2011-06-07,82.38,83.31,82.97,81.69,1346777.0,13061001.0
2011-06-08,82.63,83.4,83.4,81.35,2285458.0,22151442.0
2011-06-09,83.06,85.95,82.8,82.55,3344927.0,33040048.0
2011-06-10,83.48,84.85,83.74,79.99,2423547.0,23256834.0
2011-06-13,82.46,83.65,83.23,81.86,1082582.0,10529642.0
2011-06-14,82.55,84.68,84.34,82.46,2060240.0,20361428.0
2011-06-15,83.91,85.44,83.74,83.57,2439295.0,24250800.0
2011-06-16,83.74,83.74,81.95,81.44,1723088.0,16674865.0
2011-06-17,81.95,86.64,82.46,81.86,3252675.0,32021692.0
2011-06-20,81.61,81.61,80.25,78.8,2162460.0,20215008.0
2011-06-21,80.76,82.21,81.1,79.74,1030350.0,9737677.0
2011-06-22,81.1,81.35,80.84,80.08,838551.0,7940945.0
2011-06-23,80.42,81.95,81.69,79.48,1207043.0,11479637.0
2011-06-24,81.44,84.17,83.74,81.01,2647633.0,25837272.0
2011-06-27,84.08,85.36,84.42,83.31,2645737.0,26212532.0
2011-06-28,84.42,84.59,84.34,83.48,1892942.0,18657070.0
2011-06-29,85.1,86.72,85.95,83.74,5862638.0,58726388.0
2011-06-30,85.1,86.81,85.95,84.68,4403980.0,44328012.0
2011-07-01,86.21,86.3,84.93,84.76,3213981.0,32140088.0
2011-07-04,85.19,86.47,86.3,84.93,3368878.0,33951472.0
2011-07-05,86.21,86.89,86.81,85.7,3557053.0,36067068.0
2011-07-06,86.3,86.72,86.04,85.02,2724977.0,27455904.0
2011-07-07,86.12,87.23,86.47,85.7,3303297.0,33548516.0
2011-07-08,86.47,86.64,85.53,85.1,2248837.0,22616282.0
2011-07-11,85.1,85.87,85.78,84.34,2205726.0,22037784.0
2011-07-12,85.02,85.7,84.59,83.83,2455878.0,24353124.0
2011-07-13,84.59,86.12,86.04,84.51,2755017.0,27700832.0
2011-07-14,86.3,86.72,86.64,85.7,2833804.0,28687820.0
2011-07-15,86.55,87.57,87.32,86.21,4014858.0,41055328.0
2011-07-18,87.57,90.81,89.7,86.89,8393142.0,87800768.0
2011-07-19,89.19,93.45,92.17,87.49,13277479.0,141456800.0
2011-07-20,91.58,95.16,91.92,90.64,14229252.0,154789728.0
2011-07-21,91.32,94.56,89.36,88.68,7687879.0,82241072.0
2011-07-22,89.02,91.41,89.28,88.77,3698492.0,39044688.0
2011-07-25,88.68,89.79,85.95,84.93,4549549.0,46503380.0
2011-07-26,86.04,86.3,84.34,83.14,3133585.0,30920504.0
2011-07-27,84.25,85.53,85.1,83.48,2144058.0,21272880.0
2011-07-28,84.51,85.02,84.59,83.65,1477462.0,14618731.0
2011-07-29,84.0,85.02,83.48,83.31,1654174.0,16345587.0
2011-08-01,83.23,83.91,82.89,82.63,1316614.0,12875555.0
2011-08-02,82.89,83.23,82.21,80.59,2015221.0,19254360.0
2011-08-03,81.44,82.46,82.12,80.93,1317664.0,12665302.0
2011-08-04,82.29,83.31,82.8,82.29,1006084.0,9774414.0
2011-08-05,80.59,81.27,80.08,79.22,1637166.0,15439130.0
2011-08-08,79.74,79.74,73.69,72.07,3779967.0,33293964.0
2011-08-09,70.71,75.56,74.54,68.58,3342090.0,28090320.0
2011-08-10,74.71,76.84,74.62,74.11,2701053.0,23977466.0
2011-08-11,72.67,75.73,75.39,72.24,2377404.0,20849340.0
2011-08-12,75.99,79.05,78.29,75.48,4113745.0,37354584.0
2011-08-15,78.12,78.37,78.12,76.75,2523161.0,23000666.0
2011-08-16,78.37,78.37,76.75,76.67,2206052.0,20047320.0
2011-08-17,76.92,77.69,76.24,75.9,1773228.0,15964105.0
2011-08-18,76.16,76.41,73.26,73.09,2376932.0,20754760.0
2011-08-19,71.64,72.67,72.07,69.94,1768042.0,14859967.0
2011-08-22,72.32,74.28,73.35,71.81,1748704.0,15069316.0
2011-08-23,73.26,74.54,74.54,72.83,1415178.0,12282902.0
2011-08-24,75.14,75.14,74.37,73.94,1140695.0,9966728.0
2011-08-25,74.62,76.84,76.33,74.37,2976500.0,26655470.0
2011-08-26,75.9,80.25,80.08,75.9,7579784.0,70077888.0
2011-08-29,78.8,84.34,84.0,78.8,9111323.0,87403464.0
2011-08-30,83.06,88.59,83.4,81.44,17121518.0,168206032.0
2011-08-31,81.53,83.23,78.97,78.46,8125743.0,76322648.0
2011-09-01,78.71,79.65,77.35,76.75,4429229.0,40409648.0
2011-09-02,77.09,78.12,75.99,75.82,2412380.0,21726728.0
2011-09-05,76.07,76.07,74.28,74.11,1939147.0,16970342.0
2011-09-06,73.69,76.67,75.31,73.43,2223784.0,19706108.0
2011-09-07,76.41,76.75,76.58,75.05,1938508.0,17291428.0
2011-09-08,77.52,77.86,75.65,75.65,1832335.0,16508511.0
2011-09-09,75.39,76.24,74.28,74.2,1266353.0,11172163.0
2011-09-13,73.52,73.52,72.32,71.39,1592345.0,13520120.0
2011-09-14,72.5,74.03,73.94,71.81,1121275.0,9599793.0
2011-09-15,73.94,74.54,73.26,73.26,1135401.0,9851956.0
2011-09-16,73.77,74.45,73.09,73.09,976241.0,8461795.0
2011-09-19,73.09,73.6,70.71,70.62,1493851.0,12579099.0
2011-09-20,70.11,71.98,71.47,70.11,753849.0,6310473.0
2011-09-21,71.98,73.69,73.52,71.22,1278566.0,10930576.0
2011-09-22,72.67,73.43,71.39,71.3,1173460.0,9967290.0
2011-09-23,70.36,71.56,71.3,70.02,1095095.0,9102929.0
2011-09-26,70.7,71.9,70.62,70.36,874962.0,7286152.0
2011-09-27,70.96,71.64,71.3,70.79,788988.0,6599156.0
2011-09-28,71.98,72.41,70.28,70.28,764464.0,6389850.0
2011-09-29,70.28,70.62,68.32,68.15,1073599.0,8732627.0
2011-09-30,68.58,69.68,69.34,67.81,902774.0,7289283.0
2011-10-10,69.34,69.94,68.75,68.58,793485.0,6440015.0
2011-10-11,70.28,71.13,68.92,68.06,722899.0,5883975.0
2011-10-12,68.92,71.05,71.05,68.41,1063226.0,8769547.0
2011-10-13,70.7,73.77,73.69,70.53,2887207.0,24652024.0
2011-10-14,73.26,74.62,72.83,72.24,2487649.0,21404618.0
2011-10-17,73.0,73.09,72.15,71.47,1357018.0,11493870.0
2011-10-18,71.98,71.98,69.77,69.68,1534030.0,12747662.0
2011-10-19,69.94,71.56,70.28,69.94,827503.0,6860067.0
2011-10-20,69.68,70.28,67.89,67.13,1802093.0,14414150.0
2011-10-21,68.49,68.83,68.49,67.38,1075857.0,8607936.0
2011-10-24,68.66,70.53,70.36,68.06,1287517.0,10504935.0
2011-10-25,70.53,72.07,71.47,69.43,1687974.0,14088243.0
2011-10-26,72.15,73.0,72.32,70.79,2609127.0,22080284.0
2011-10-27,71.98,74.62,72.41,71.9,3398125.0,29255576.0
2011-10-28,73.0,73.69,73.43,72.15,4034991.0,34645744.0
2011-10-31,73.86,74.11,73.86,72.24,3405728.0,29183636.0
2011-11-01,76.67,79.65,75.99,75.82,12567499.0,114509424.0
2011-11-02,73.26,76.5,76.07,72.67,7153329.0,62172056.0
2011-11-03,75.48,77.69,76.58,75.48,6417620.0,57460800.0
2011-11-04,77.09,77.18,75.99,75.56,4046041.0,36230932.0
2011-11-07,75.14,76.16,74.62,74.37,2868772.0,25296432.0
2011-11-08,74.28,75.31,74.03,73.77,2150863.0,18850188.0
2011-11-09,73.86,75.48,75.14,73.26,1937674.0,16952644.0
2011-11-10,74.62,74.62,73.35,73.26,2004779.0,17357268.0
2011-11-11,73.69,76.07,74.28,73.52,2948915.0,25889172.0
2011-11-14,74.37,75.48,75.39,74.28,2659092.0,23417108.0
2011-11-15,75.39,75.99,75.73,74.88,2415321.0,21420524.0
2011-11-16,75.73,75.82,74.79,74.45,2831314.0,24885112.0
2011-11-17,74.45,76.24,76.07,74.45,3271273.0,28956504.0
2011-11-18,75.82,76.07,75.65,73.77,3200004.0,28090492.0
2011-11-21,74.88,79.22,78.88,74.88,11058787.0,101081232.0
2011-11-22,77.61,78.12,77.52,75.65,5707362.0,51575664.0
2011-11-23,77.44,77.44,76.67,75.05,4052370.0,36223816.0
2011-11-24,75.39,76.07,75.48,74.45,1516646.0,13381290.0
2011-11-25,75.48,77.01,76.5,74.54,4095534.0,36446864.0
2011-11-28,76.07,77.86,76.16,74.79,4680338.0,41821368.0
2011-11-29,76.07,76.92,74.79,74.54,9805142.0,86477016.0
2011-11-30,74.11,74.54,72.58,68.58,7229170.0,60375312.0
2011-12-01,73.09,76.41,72.15,71.98,6330575.0,54473960.0
2011-12-02,71.73,71.73,68.58,68.41,3167199.0,25828672.0
2011-12-05,68.06,68.06,66.53,66.45,1812914.0,14324051.0
2011-12-06,66.53,68.83,68.41,65.85,1604619.0,12589268.0
2011-12-07,67.98,68.49,68.41,67.38,1188059.0,9477453.0
2011-12-08,68.15,69.68,68.58,66.87,1494305.0,11943336.0
2011-12-09,67.72,68.83,67.81,67.13,758853.0,6028106.0
2011-12-12,67.64,68.06,66.87,66.87,697800.0,5518551.0
2011-12-13,66.87,66.87,63.47,63.12,1352703.0,10241623.0
2011-12-14,63.46,63.55,62.53,61.34,1239105.0,9106971.0
2011-12-15,62.02,62.02,59.97,59.89,1139552.0,8107554.0
2011-12-16,59.63,60.99,60.91,59.63,1153723.0,8164823.0
2011-12-19,60.74,60.74,60.23,58.61,843192.0,5922608.0
2011-12-20,60.48,61.16,60.48,60.23,720646.0,5131710.0
2011-12-21,61.08,61.16,58.52,58.44,652466.0,4608629.0
2011-12-22,58.52,58.52,58.01,54.86,1272711.0,8470973.0
2011-12-23,57.59,58.95,58.1,57.08,677786.0,4621077.0
2011-12-26,58.52,58.86,57.76,57.76,466667.0,3192661.0
2011-12-27,57.93,59.46,56.82,56.73,954096.0,6502872.0
2011-12-28,56.39,56.39,56.05,53.67,1149141.0,7423305.0
2011-12-29,56.39,58.1,56.73,55.54,1345301.0,8908126.0
2011-12-30,56.73,57.76,56.91,56.39,1014460.0,6789181.0
2012-01-04,57.5,57.76,55.8,54.09,1419015.0,9339392.0
2012-01-05,55.03,55.29,53.84,52.3,1305821.0,8232426.0
2012-01-06,52.39,53.92,53.58,51.96,1108854.0,6890902.0
2012-01-09,53.41,55.46,55.29,52.82,1766936.0,11317929.0
2012-01-10,55.29,57.67,57.5,55.29,2847113.0,18923888.0
2012-01-11,57.76,59.55,58.18,56.91,3224899.0,22063584.0
2012-01-12,59.2,61.08,58.52,58.52,4927675.0,34484860.0
2012-01-13,58.01,58.44,56.31,55.8,2152102.0,14397698.0
2012-01-16,57.08,57.67,55.03,54.95,1434239.0,9507960.0
2012-01-17,54.44,57.67,57.42,54.44,1792648.0,11865157.0
2012-01-18,57.42,58.1,56.05,55.63,1993695.0,13369277.0
2012-01-19,56.14,57.08,56.73,55.54,1297071.0,8591416.0
2012-01-20,57.33,57.84,57.33,56.56,1177518.0,7924483.0
2012-01-30,57.33,58.35,57.25,56.73,771684.0,5196548.0
2012-01-31,57.08,57.59,57.5,56.48,824455.0,5529805.0
2012-02-01,57.67,58.44,57.76,57.08,1228872.0,8355296.0
2012-02-02,57.59,58.44,58.44,57.59,1050029.0,7162212.0
2012-02-03,58.35,59.38,59.29,58.27,2577803.0,17870764.0
2012-02-06,58.95,59.97,59.38,58.78,1983987.0,13804843.0
2012-02-07,59.03,59.97,58.52,58.01,1697635.0,11738905.0
2012-02-08,58.1,59.89,59.72,58.01,2630788.0,18306096.0
2012-02-09,60.23,60.91,59.8,59.55,3426175.0,24136096.0
2012-02-10,59.63,60.65,59.97,59.38,2500150.0,17635690.0
2012-02-13,59.8,63.46,62.1,59.03,6208687.0,44643084.0
2012-02-14,61.34,61.67,60.99,60.57,3594369.0,25721064.0
2012-02-15,60.57,61.76,61.68,60.23,2646839.0,19002218.0
2012-02-16,61.34,62.1,61.42,60.65,2088235.0,15057559.0
2012-02-17,61.51,61.93,61.34,60.91,1361124.0,9803439.0
2012-02-20,62.19,62.36,61.16,60.74,1724518.0,12472582.0
2012-02-21,60.82,61.51,61.25,60.23,1704458.0,12175836.0
2012-02-22,61.34,62.36,62.19,60.99,3537218.0,25749536.0
2012-02-23,62.19,63.12,62.44,62.1,3175581.0,23308600.0
2012-02-24,62.27,64.06,63.63,62.02,4849623.0,36029784.0
2012-02-27,64.91,65.17,63.38,63.21,4909150.0,36873628.0
2012-02-28,62.95,63.72,63.38,62.27,2698987.0,19997684.0
2012-02-29,62.78,63.38,62.1,62.02,1872517.0,13747349.0
2012-03-01,61.85,63.29,62.61,61.85,2114224.0,15573426.0
2012-03-02,62.61,63.89,63.8,62.44,2626300.0,19549172.0
2012-03-05,63.89,64.57,64.06,63.29,3204481.0,24069712.0
2012-03-06,63.8,65.85,65.34,63.55,7243878.0,55239588.0
2012-03-07,64.83,65.42,64.15,63.89,4125847.0,31293044.0
2012-03-08,63.98,70.53,70.53,63.63,14906226.0,119400168.0
2012-03-09,70.45,71.81,70.19,69.77,13628906.0,113032808.0
2012-03-12,69.6,71.05,70.7,68.23,12085374.0,99164272.0
2012-03-13,70.19,71.81,71.47,69.43,11398432.0,94939048.0
2012-03-14,71.05,71.39,65.51,64.74,11035478.0,88849528.0
2012-03-15,66.11,66.87,64.74,63.38,4490595.0,34229268.0
2012-03-16,64.74,66.19,65.94,63.98,3616248.0,27734680.0
2012-03-19,65.85,66.87,66.7,65.25,3737208.0,29012042.0
2012-03-20,66.45,66.96,64.83,64.49,2662084.0,20470006.0
2012-03-21,65.17,66.45,66.28,63.55,3544215.0,27095748.0
2012-03-22,65.68,67.21,65.94,65.0,3875134.0,30116276.0
2012-03-23,65.59,65.68,63.04,62.44,3675585.0,27579112.0
2012-03-26,62.7,64.91,62.87,62.02,2030677.0,15047846.0
2012-03-27,63.04,63.38,62.1,61.76,1689956.0,12422321.0
2012-03-28,62.1,62.19,58.18,57.93,2926878.0,20572094.0
2012-03-29,58.1,58.69,57.25,56.73,1690811.0,11479226.0
2012-03-30,57.5,58.01,57.5,57.08,1087073.0,7332107.0
2012-04-05,57.5,59.55,59.29,57.5,1478976.0,10218070.0
2012-04-06,59.03,61.08,60.23,58.86,2093059.0,14716478.0
2012-04-09,59.97,61.16,59.63,59.29,1838372.0,13024840.0
2012-04-10,59.63,64.91,62.87,59.38,7260396.0,53378736.0
2012-04-11,61.76,67.04,65.94,61.16,9449481.0,71455928.0
2012-04-12,65.08,66.53,65.68,64.32,6628156.0,50964896.0
2012-04-13,65.94,66.87,65.94,65.17,5637180.0,43629836.0
2012-04-16,65.42,67.72,66.28,64.57,5335832.0,41531144.0
2012-04-17,65.94,70.45,64.57,64.4,6577368.0,51828544.0
2012-04-18,64.74,66.36,65.85,63.55,4854830.0,37042280.0
2012-04-19,65.59,66.45,65.0,64.74,3832244.0,29472318.0
2012-04-20,64.57,67.47,66.53,64.23,6567929.0,51199128.0
2012-04-23,66.36,68.83,66.7,66.02,6195717.0,49099620.0
2012-04-24,66.19,68.49,67.47,63.89,6765479.0,52971952.0
2012-04-26,72.41,74.2,74.2,72.41,25920384.0,225601056.0
2012-04-27,74.2,74.2,70.96,70.19,17565814.0,147340672.0
2012-05-02,71.13,71.98,70.19,69.09,8864591.0,72963416.0
2012-05-03,69.6,71.47,70.53,69.26,9032181.0,74850088.0
2012-05-04,70.02,75.65,70.19,70.02,9965007.0,83216016.0
2012-05-07,70.88,71.05,68.58,68.06,6272499.0,50698816.0
2012-05-08,68.75,69.26,68.83,68.15,3257665.0,26251332.0
2012-05-09,68.23,68.23,66.96,66.53,3823635.0,30145068.0
2012-05-10,66.87,67.3,66.87,66.45,2141215.0,16800888.0
2012-05-11,67.13,68.83,66.96,66.7,3779046.0,30141006.0
2012-05-14,67.3,68.06,66.62,66.45,2492781.0,19703968.0
2012-05-15,66.11,66.36,66.19,65.17,2245291.0,17334422.0
2012-05-16,65.85,67.13,66.28,65.68,1719501.0,13391871.0
2012-05-17,66.36,67.72,67.3,65.94,2482455.0,19561492.0
2012-05-18,66.79,67.55,64.74,64.66,2757579.0,21366464.0
2012-05-21,64.49,65.25,63.63,63.38,1898411.0,14290980.0
2012-05-22,64.23,65.08,65.08,63.89,1488473.0,11291509.0
2012-05-23,65.17,65.42,64.83,64.4,1292274.0,9857164.0
2012-05-24,64.57,65.17,64.32,64.32,1242734.0,9431121.0
2012-05-25,64.57,65.25,64.15,63.72,1461364.0,11070291.0
2012-05-28,64.23,67.72,67.55,64.23,5806896.0,45319168.0
2012-05-29,66.96,67.72,67.47,66.19,3841216.0,30199386.0
2012-05-30,67.3,67.98,67.38,67.04,2096099.0,16593141.0
2012-05-31,67.98,70.28,67.81,67.64,5867188.0,47450472.0
2012-06-01,67.3,67.89,66.36,65.85,3064268.0,24030340.0
2012-06-04,65.42,65.42,63.46,63.46,3061741.0,23122242.0
2012-06-05,63.12,64.06,63.21,63.12,1145015.0,8543896.0
2012-06-06,63.72,63.72,62.27,61.85,2103212.0,15498252.0
2012-06-07,63.04,63.38,61.76,61.59,1147269.0,8405407.0
2012-06-08,62.36,62.87,61.34,61.25,1320210.0,9635613.0
2012-06-11,61.42,62.7,62.53,61.08,1119502.0,8135394.0
2012-06-12,62.44,62.78,62.36,62.02,902330.0,6608930.0
2012-06-13,62.61,63.21,63.12,62.19,1065990.0,7863441.0
2012-06-14,62.78,63.55,62.7,62.61,1118190.0,8280203.0
2012-06-15,62.7,63.21,62.44,61.51,938738.0,6883712.0
2012-06-18,62.53,63.21,63.04,62.53,780280.0,5765120.0
2012-06-19,63.04,63.29,62.53,62.53,676130.0,4984310.0
2012-06-20,62.61,62.95,62.19,62.02,829942.0,6074022.0
2012-06-21,61.93,62.1,60.99,60.91,1244808.0,8967719.0
2012-06-25,60.99,60.99,59.38,58.61,1156110.0,8112194.0
2012-06-26,59.29,59.8,59.63,59.03,868093.0,6056723.0
2012-06-27,59.2,60.06,58.95,58.95,718763.0,5017099.0
2012-06-28,59.46,61.51,59.2,59.12,2023520.0,14349399.0
2012-06-29,58.61,59.29,59.2,57.67,1344573.0,9221044.0
2012-07-02,59.29,59.97,59.89,59.03,941783.0,6580252.0
2012-07-03,59.38,60.23,59.8,58.95,992378.0,6951942.0
2012-07-04,60.14,60.14,59.8,59.46,758378.0,5317067.0
2012-07-05,59.8,59.8,58.01,57.93,974718.0,6708833.0
2012-07-06,58.1,59.12,59.03,57.84,927935.0,6358077.0
2012-07-09,58.61,58.78,57.16,57.16,1032453.0,7038318.0
2012-07-10,57.25,57.59,56.73,56.65,812551.0,5427700.0
2012-07-11,56.73,57.16,56.91,56.48,588273.0,3925211.0
2012-07-12,57.08,57.84,57.5,56.65,898276.0,6037513.0
2012-07-13,57.25,58.52,57.42,57.25,956771.0,6505571.0
2012-07-16,57.84,57.84,54.95,54.95,1113907.0,7313711.0
2012-07-17,54.95,55.71,55.37,54.69,650306.0,4214118.0
2012-07-18,55.71,56.14,56.05,55.03,866519.0,5648327.0
2012-07-19,56.14,61.67,61.67,56.14,4750862.0,34125228.0
2012-07-20,67.81,67.81,67.81,67.81,8283738.0,65938552.0
2012-07-23,69.77,73.6,63.98,62.87,16977920.0,130355840.0
2012-07-24,63.04,67.13,65.25,62.44,11127550.0,85122408.0
2012-07-25,64.32,65.08,64.32,62.61,7560686.0,56486240.0
2012-07-26,63.29,63.89,61.59,60.91,6291514.0,45927372.0
2012-07-27,61.67,61.93,59.12,58.1,5223697.0,36801384.0
2012-07-30,58.52,59.46,57.42,56.22,3476103.0,23444540.0
2012-07-31,56.91,59.46,57.59,55.63,4125117.0,28010520.0
2012-08-01,56.82,58.78,57.67,56.56,3572349.0,24239620.0
2012-08-02,57.59,58.27,56.82,55.88,3068639.0,20540652.0
2012-08-03,57.33,59.97,59.29,56.65,5671967.0,38958256.0
2012-08-06,58.61,60.65,60.4,58.1,5236238.0,36586908.0
2012-08-07,59.89,61.25,60.57,59.63,4163857.0,29438212.0
2012-08-08,60.4,62.44,60.4,59.89,4360462.0,31186744.0
2012-08-09,60.06,60.91,60.74,59.29,3711908.0,26245188.0
2012-08-10,60.48,64.66,61.25,60.06,5931341.0,43129092.0
2012-08-13,60.65,63.04,60.14,59.97,3799929.0,27264046.0
2012-08-14,59.97,60.31,59.8,58.01,2907572.0,20186944.0
2012-08-15,59.46,59.97,58.95,58.78,1461471.0,10165412.0
2012-08-16,58.44,59.38,58.69,58.44,1037137.0,7176140.0
2012-08-17,58.61,60.06,58.95,58.35,1154097.0,7992154.0
2012-08-20,58.95,59.03,58.69,58.01,1239080.0,8513195.0
2012-08-21,58.69,61.16,60.57,58.69,3341405.0,23547800.0
2012-08-22,60.31,61.08,60.4,59.38,2989581.0,21078082.0
2012-08-23,61.34,62.44,60.99,60.4,3719530.0,26801184.0
2012-08-24,60.65,60.91,58.78,58.69,2487919.0,17413032.0
2012-08-27,58.78,58.86,57.59,57.5,1433075.0,9778256.0
2012-08-28,57.08,58.69,58.01,57.08,1037549.0,7033955.0
2012-08-29,57.93,58.35,57.08,56.91,1124577.0,7613771.0
2012-08-30,57.16,57.42,56.39,55.71,1165391.0,7733529.0
2012-08-31,56.14,56.99,56.48,56.05,764901.0,5082342.0
2012-09-03,56.48,57.59,57.42,56.22,878752.0,5887300.0
2012-09-04,57.67,57.67,56.65,56.56,772861.0,5178915.0
2012-09-05,56.56,57.59,57.42,56.48,774995.0,5201410.0
2012-09-06,57.42,58.1,58.1,57.33,1091047.0,7402491.0
2012-09-07,58.61,60.31,59.89,58.35,2685849.0,18788526.0
2012-09-10,59.72,60.99,60.31,59.38,2599348.0,18350570.0
2012-09-11,59.97,60.14,59.46,59.12,1586281.0,11101365.0
2012-09-12,60.23,61.59,60.31,59.72,3329610.0,23660106.0
2012-09-13,60.57,60.74,59.72,59.63,2117061.0,14985435.0
2012-09-14,60.06,60.74,59.8,59.29,2135055.0,15016057.0
2012-09-17,59.72,60.23,57.5,57.33,1778885.0,12306188.0
2012-09-18,57.24,57.84,57.76,56.91,902323.0,6085145.0
2012-09-19,57.59,58.18,58.1,57.59,691638.0,4699627.0
2012-09-20,58.1,58.1,56.31,56.22,1370716.0,9184737.0
2012-09-21,56.65,58.44,57.42,56.22,1342451.0,9026956.0
2012-09-24,57.42,57.76,57.42,56.65,1118285.0,7525923.0
2012-09-25,57.33,57.5,56.65,56.48,917300.0,6140089.0
2012-09-26,56.73,56.99,55.37,55.2,1116506.0,7324353.0
2012-09-27,55.12,56.91,56.39,55.12,1019625.0,6721645.0
2012-09-28,56.22,57.16,56.99,56.22,743682.0,4966276.0
2012-10-08,57.08,57.5,56.73,56.73,710568.0,4754088.0
2012-10-09,56.73,58.18,58.01,56.73,1464672.0,9927823.0
2012-10-10,57.84,59.63,59.03,57.76,2239910.0,15421643.0
2012-10-11,58.69,59.03,57.93,57.93,1260709.0,8665723.0
2012-10-12,58.1,58.69,58.35,57.5,1105697.0,7552814.0
2012-10-15,58.52,59.38,59.2,58.1,2552594.0,17626504.0
2012-10-16,59.38,59.38,58.69,58.52,2378410.0,16466602.0
2012-10-17,58.44,58.95,58.61,58.01,1159878.0,7950915.0
2012-10-18,58.61,59.38,59.12,58.18,1660023.0,11503966.0
2012-10-19,59.29,60.82,59.03,58.95,2895778.0,20348484.0
2012-10-22,58.61,58.95,58.95,58.01,1295303.0,8885067.0
2012-10-23,58.69,59.72,58.69,58.61,1714349.0,11905566.0
2012-10-24,58.44,58.78,57.93,57.5,1459810.0,9960822.0
2012-10-25,57.84,58.44,57.67,57.5,1007920.0,6855911.0
2012-10-26,57.5,57.67,56.73,56.39,1124129.0,7505508.0
2012-10-29,56.22,57.08,56.91,55.71,976432.0,6456092.0
2012-10-30,57.16,58.1,57.08,56.39,1182423.0,7943671.0
2012-10-31,56.91,57.16,56.39,55.8,967200.0,6389610.0
2012-11-01,56.56,57.67,57.5,56.48,1064159.0,7158598.0
2012-11-02,57.5,58.69,58.61,57.42,2040712.0,13916155.0
2012-11-05,57.93,58.52,58.1,57.59,1146496.0,7806291.0
2012-11-06,57.93,58.78,57.93,56.91,1750933.0,11899303.0
2012-11-07,57.93,57.93,57.59,57.08,681399.0,4598533.0
2012-11-08,57.25,57.25,56.22,56.05,1213714.0,8078920.0
2012-11-09,55.88,58.52,56.82,55.88,1624412.0,10939367.0
2012-11-12,57.25,58.01,57.5,57.08,1412795.0,9554268.0
2012-11-13,57.76,57.76,56.65,56.39,1061750.0,7097521.0
2012-11-14,56.65,57.08,56.82,56.39,744712.0,4954708.0
2012-11-15,56.65,56.82,55.2,55.2,1266006.0,8315690.0
2012-11-16,55.2,55.54,55.2,54.52,862457.0,5562339.0
2012-11-19,55.2,55.46,55.46,54.69,477240.0,3084014.0
2012-11-20,55.71,55.71,55.03,54.95,414908.0,2692637.0
2012-11-21,55.29,55.8,55.71,54.6,429399.0,2785356.0
2012-11-22,55.8,55.97,55.37,55.2,313850.0,2045869.0
2012-11-23,55.12,56.22,55.8,55.12,698391.0,4570806.0
2012-11-26,55.71,55.71,54.95,54.77,524200.0,3394933.0
2012-11-27,54.77,54.77,52.48,52.05,919724.0,5726829.0
2012-11-28,52.3,52.48,51.2,51.11,682546.0,4137811.0
2012-11-29,51.28,51.71,49.92,49.83,529620.0,3174481.0
2012-11-30,49.92,50.52,50.35,49.24,873219.0,5114391.0
2012-12-03,50.43,50.52,48.98,48.9,560300.0,3280018.0
2012-12-04,49.07,49.58,49.41,47.88,638826.0,3646189.0
2012-12-05,48.98,51.62,51.03,48.98,1395210.0,8316631.0
2012-12-06,51.11,51.45,50.94,50.6,959110.0,5738664.0
2012-12-07,50.94,52.22,52.13,50.77,1254451.0,7607623.0
2012-12-10,51.96,52.9,52.73,51.71,1168319.0,7203729.0
2012-12-11,52.9,53.33,52.73,52.3,1484564.0,9206075.0
2012-12-12,52.65,52.82,52.39,51.71,927622.0,5693081.0
2012-12-13,52.39,52.9,51.71,51.62,990510.0,6075264.0
2012-12-14,51.54,54.18,54.09,51.54,2569099.0,16094918.0
2012-12-17,54.01,54.77,54.35,53.75,1742091.0,11096159.0
2012-12-18,54.69,55.71,54.18,54.09,2329801.0,15035469.0
2012-12-19,54.01,55.03,54.86,53.58,1830322.0,11680143.0
2012-12-20,54.95,55.54,55.12,53.92,2217161.0,14267227.0
2012-12-21,55.03,56.39,54.86,54.6,2621684.0,17101936.0
2012-12-24,54.69,55.54,54.77,54.26,1099184.0,7075377.0
2012-12-25,54.52,55.8,55.54,54.35,2096218.0,13633047.0
2012-12-26,55.71,60.82,58.18,55.46,8413033.0,57914140.0
2012-12-27,57.67,58.35,56.48,56.31,4345957.0,29122136.0
2012-12-28,56.22,58.01,57.67,56.22,2868441.0,19243684.0
2012-12-31,57.5,57.93,57.59,56.91,2457637.0,16566655.0
2013-01-04,57.76,58.18,57.59,57.08,2435443.0,16480258.0
2013-01-07,57.59,57.93,57.67,57.08,1751096.0,11810594.0
2013-01-08,57.67,58.52,58.44,57.67,3096313.0,21134450.0
2013-01-09,58.61,59.38,58.27,57.67,2860941.0,19701160.0
2013-01-10,58.01,58.61,58.18,57.76,1874429.0,12785718.0
2013-01-11,58.44,58.52,56.22,56.05,1940126.0,13003645.0
2013-01-14,56.39,57.84,57.84,56.39,1957041.0,13139553.0
2013-01-15,57.84,58.61,58.52,57.76,3468714.0,23743228.0
2013-01-16,58.27,59.55,58.27,57.59,3302547.0,22715244.0
2013-01-17,58.01,59.03,58.1,57.76,2285337.0,15645407.0
2013-01-18,58.18,58.86,58.86,58.01,2919846.0,20067372.0
2013-01-21,58.86,59.89,59.38,58.52,4091223.0,28544016.0
2013-01-22,59.29,61.76,59.38,58.35,5768717.0,40591236.0
2013-01-23,59.63,61.67,61.08,59.2,7424539.0,52877536.0
2013-01-24,61.42,61.59,58.27,57.59,5764596.0,40394452.0
2013-01-25,58.44,58.44,57.5,56.99,2574898.0,17380208.0
2013-01-28,58.27,59.12,58.78,58.01,2296442.0,15809064.0
2013-01-29,58.69,59.03,58.86,57.93,2278203.0,15683461.0
2013-01-30,59.03,59.03,58.78,57.93,2159219.0,14805485.0
2013-01-31,58.78,59.72,59.55,58.44,2675980.0,18572776.0
2013-02-01,59.12,59.63,59.46,58.95,1830229.0,12752973.0
2013-02-04,59.46,60.14,60.06,59.2,2102812.0,14724305.0
2013-02-05,59.8,62.19,60.74,59.2,4436327.0,31554182.0
2013-02-06,60.31,60.74,60.23,60.06,2347335.0,16639513.0
2013-02-07,60.14,60.48,60.06,59.63,1474292.0,10404743.0
2013-02-08,60.14,60.74,60.48,60.14,1505864.0,10690355.0
2013-02-18,60.31,60.74,60.4,60.31,1633912.0,11603536.0
2013-02-19,60.4,60.57,59.2,59.12,2294281.0,16082918.0
2013-02-20,59.29,60.74,60.65,59.2,2509852.0,17709822.0
2013-02-21,60.31,60.65,59.72,59.38,2974702.0,20983048.0
2013-02-22,59.8,60.82,60.48,59.63,2531928.0,17942720.0
2013-02-25,60.31,62.1,61.59,60.31,4232395.0,30477820.0
2013-02-26,61.34,63.46,61.42,60.91,7398667.0,54286192.0
2013-02-27,61.42,62.1,60.65,60.4,3718589.0,26626560.0
2013-02-28,60.91,62.53,62.44,60.91,4543217.0,33104578.0
2013-03-01,62.1,62.44,62.27,61.33,3440151.0,24983110.0
2013-03-04,61.67,61.67,59.29,58.52,4846537.0,34141796.0
2013-03-05,59.12,60.23,59.8,58.44,2464476.0,17232702.0
2013-03-06,60.06,60.91,60.4,59.72,2877901.0,20390732.0
2013-03-07,60.57,62.87,61.67,60.14,6301021.0,45662700.0
2013-03-08,62.44,63.55,61.16,60.65,5065129.0,36780752.0
2013-03-11,60.48,60.57,60.06,59.2,2381186.0,16772729.0
2013-03-12,60.06,60.4,59.03,58.35,2247927.0,15640507.0
2013-03-13,59.03,59.2,58.27,58.1,1273783.0,8756861.0
2013-03-14,58.52,59.12,58.44,58.27,864522.0,5942283.0
2013-03-15,58.01,59.03,58.01,57.5,1356050.0,9298304.0
2013-03-18,57.84,58.35,56.65,56.65,1297308.0,8744334.0
2013-03-19,56.73,57.84,57.84,56.22,1460690.0,9798255.0
2013-03-20,57.5,60.06,59.89,57.5,2969823.0,20580352.0
2013-03-21,59.46,60.31,60.23,59.2,1990908.0,13958122.0
2013-03-22,60.06,60.31,59.8,59.46,1470328.0,10308559.0
2013-03-25,59.8,60.14,59.89,59.55,977102.0,6858903.0
2013-03-26,60.06,60.14,58.69,58.61,1709154.0,11838948.0
2013-03-27,58.52,61.51,60.99,58.35,6007639.0,42305840.0
2013-03-28,59.89,60.23,59.12,58.86,3119012.0,21721804.0
2013-03-29,59.12,61.59,59.89,58.27,6201355.0,43889744.0
2013-04-01,59.72,59.8,59.12,58.78,2579352.0,17921634.0
2013-04-02,59.2,64.91,62.87,58.86,15215375.0,111904664.0
2013-04-03,62.19,63.21,61.67,60.91,8133476.0,59145664.0
2013-04-08,60.48,61.93,61.67,59.46,5856930.0,41780384.0
2013-04-09,61.34,62.44,61.76,61.16,4263911.0,30908582.0
2013-04-10,61.42,62.19,60.82,60.14,3353446.0,24067498.0
2013-04-11,60.48,61.67,59.89,59.89,2632306.0,18751224.0
2013-04-12,59.63,61.42,60.57,59.55,3622293.0,25765404.0
2013-04-15,60.57,64.57,62.7,60.06,10616497.0,78109312.0
2013-04-16,61.85,64.4,63.63,61.76,8612515.0,64211488.0
2013-04-17,63.29,66.02,63.29,63.12,10623909.0,80432080.0
2013-04-18,62.87,65.0,64.66,62.44,8233249.0,61640776.0
2013-04-19,64.23,66.62,65.25,64.15,10613295.0,81612288.0
2013-04-22,64.4,64.74,63.89,63.29,6297834.0,47182900.0
2013-04-23,63.8,65.85,65.68,63.21,11620260.0,88261272.0
2013-04-24,65.17,67.64,67.64,64.74,13630010.0,106608400.0
2013-04-25,67.47,68.83,65.76,65.59,11544250.0,91132552.0
2013-04-26,65.94,66.28,62.61,62.44,7931979.0,59688724.0
2013-05-02,62.78,63.55,62.7,62.27,2655071.0,19597536.0
2013-05-03,63.21,64.49,63.98,62.78,3530705.0,26472210.0
2013-05-06,63.98,64.91,64.15,63.55,4111015.0,30990084.0
2013-05-07,64.15,65.42,64.91,63.98,4165976.0,31721614.0
2013-05-08,64.91,65.34,64.91,63.98,4342488.0,32857612.0
2013-05-09,64.66,64.66,62.27,62.02,5322218.0,39316216.0
2013-05-10,62.1,62.78,62.53,62.02,3763519.0,27556500.0
2013-05-13,62.36,64.4,64.06,61.93,5624801.0,41624380.0
2013-05-14,64.06,65.94,65.68,63.38,8083544.0,61570968.0
2013-05-15,65.17,65.68,65.17,64.49,3485076.0,26610308.0
2013-05-16,64.91,66.7,66.19,64.91,8836658.0,68280224.0
2013-05-17,66.45,66.7,65.68,64.49,7650832.0,58669976.0
2013-05-20,65.68,66.79,66.53,65.17,6415458.0,49689092.0
2013-05-21,66.36,67.98,66.53,66.11,6457524.0,50715500.0
2013-05-22,66.28,67.47,66.45,66.19,5174317.0,40596028.0
2013-05-23,66.28,66.79,64.57,64.4,4980369.0,38347644.0
2013-05-24,64.74,65.42,65.17,64.57,2727505.0,20813140.0
2013-05-27,65.0,65.85,65.59,64.91,2831416.0,21752376.0
2013-05-28,65.59,66.36,66.28,65.25,3259747.0,25254148.0
2013-05-29,66.7,69.0,67.55,66.45,10815349.0,86185992.0
2013-05-30,67.3,67.89,67.55,66.79,5338222.0,42203708.0
2013-05-31,67.72,68.92,66.45,65.85,6534785.0,51971220.0
2013-06-03,66.36,66.79,65.76,65.51,3594613.0,27911592.0
2013-06-04,65.68,65.76,63.46,63.29,4451056.0,33578104.0
2013-06-05,63.55,64.57,64.15,63.29,2250145.0,16893168.0
2013-06-06,64.23,64.32,63.55,63.46,1730564.0,12979334.0
2013-06-07,63.72,66.96,65.08,63.12,7012880.0,53606712.0
2013-06-13,63.98,64.57,63.55,61.34,5342477.0,39388524.0
2013-06-14,63.12,63.63,62.7,62.02,4087775.0,30047876.0
2013-06-17,62.87,62.87,62.02,61.51,2113741.0,15395014.0
2013-06-18,62.19,62.7,62.53,61.59,2022240.0,14778234.0
2013-06-19,61.93,62.19,61.16,60.82,2331101.0,16786728.0
2013-06-20,61.16,63.38,60.91,60.74,3719756.0,27096754.0
2013-06-21,59.89,60.31,58.95,57.76,2868819.0,19865520.0
2013-06-24,59.03,59.29,53.92,53.24,3135813.0,20717774.0
2013-06-25,53.58,54.35,53.67,50.35,2990422.0,18517264.0
2013-06-26,53.84,54.52,54.52,53.58,1874560.0,11896705.0
2013-06-27,54.26,54.95,53.24,53.24,2006771.0,12788502.0
2013-06-28,53.33,54.35,53.07,51.96,1647033.0,10303438.0
2013-07-01,53.33,54.26,54.26,52.99,1472779.0,9293103.0
2013-07-02,54.09,55.12,55.03,53.84,1854994.0,11875864.0
2013-07-03,54.69,54.77,54.26,53.41,2075983.0,13143759.0
2013-07-04,55.54,59.03,58.86,55.54,9635550.0,65238140.0
2013-07-05,59.72,61.93,60.82,58.01,10174757.0,71547104.0
2013-07-08,59.63,60.48,56.99,56.73,4805862.0,32872416.0
2013-07-09,57.08,57.59,57.42,55.8,2919275.0,19485838.0
2013-07-10,57.42,59.03,58.78,56.48,3148101.0,21466844.0
2013-07-11,58.69,60.57,59.72,58.1,4664261.0,32566656.0
2013-07-12,59.89,59.89,58.35,58.18,2994420.0,20692376.0
2013-07-15,57.93,58.95,58.69,57.93,2004182.0,13762756.0
2013-07-16,58.01,59.38,58.95,58.01,1972679.0,13615619.0
2013-07-17,59.12,59.81,58.44,58.44,2057089.0,14218026.0
2013-07-18,58.18,58.61,56.81,56.47,2298438.0,15374767.0
2013-07-19,56.73,57.58,55.27,54.76,1998619.0,13171690.0
2013-07-22,55.36,56.64,56.3,54.84,1442699.0,9433136.0
2013-07-23,56.47,57.75,57.24,56.47,1336642.0,8938636.0
2013-07-24,57.24,57.58,56.73,56.56,1888207.0,12608264.0
2013-07-25,56.73,57.5,56.21,56.13,1420111.0,9432405.0
2013-07-26,56.3,56.81,56.3,55.36,1449875.0,9496939.0
2013-07-29,55.96,55.96,54.67,54.42,1542954.0,9921816.0
2013-07-30,54.76,55.36,54.67,54.16,1226433.0,7852392.0
2013-07-31,55.02,55.62,54.76,54.76,1093912.0,7064545.0
2013-08-01,55.44,56.04,56.04,54.76,1604952.0,10429571.0
2013-08-02,56.3,56.73,56.21,56.13,1426309.0,9393503.0
2013-08-05,56.47,56.81,56.81,56.13,1276623.0,8436759.0
2013-08-06,56.81,58.01,57.58,56.38,2328464.0,15588184.0
2013-08-07,57.33,57.75,56.73,56.73,1574909.0,10519103.0
2013-08-08,57.07,57.84,57.16,56.56,1238811.0,8287167.0
2013-08-09,57.5,58.1,57.75,56.81,2226233.0,15007240.0
2013-08-12,57.67,60.49,59.72,57.67,5218920.0,36143984.0
2013-08-13,59.47,60.06,59.64,58.87,3103943.0,21578504.0
2013-08-14,59.81,62.63,61.09,59.47,7949013.0,56822856.0
2013-08-15,60.66,61.95,61.43,59.89,6828026.0,48886244.0
2013-08-16,60.75,61.77,58.95,58.78,4958530.0,34975296.0
2013-08-19,59.21,62.97,62.03,59.04,6906607.0,49886564.0
2013-08-20,61.6,62.2,60.75,60.23,4794490.0,34376780.0
2013-08-21,61.01,62.03,61.95,60.49,3984338.0,28554532.0
2013-08-22,61.69,62.89,61.6,61.26,5096728.0,37068420.0
2013-08-23,64.08,67.51,64.26,62.2,15957363.0,121159280.0
2013-08-26,63.74,70.67,70.67,63.49,15564479.0,125579320.0
2013-08-27,73.58,77.43,76.15,72.81,38666824.0,341031488.0
2013-09-03,83.76,83.76,83.76,77.78,48775492.0,472619840.0
2013-09-04,81.11,85.13,82.82,79.4,37528256.0,362460928.0
2013-09-05,80.86,80.86,77.86,76.15,25853110.0,235646080.0
2013-09-06,77.6,85.39,81.28,77.43,32731436.0,310970560.0
2013-09-09,79.49,80.08,78.97,77.86,20490456.0,188803760.0
2013-09-10,78.8,84.71,80.6,77.78,28784818.0,275274304.0
2013-09-11,81.28,88.64,87.96,78.46,46090156.0,464812800.0
2013-09-12,84.71,87.61,85.73,83.68,27306346.0,272115008.0
2013-09-13,84.79,85.82,81.2,80.51,16490558.0,158480496.0
2013-09-16,81.97,84.28,82.22,81.03,12034919.0,116099712.0
2013-09-17,83.34,83.34,77.18,77.0,13633544.0,125430800.0
2013-09-18,78.37,80.43,78.72,77.26,8757738.0,80868648.0
2013-09-23,79.31,82.82,81.63,78.89,12467900.0,118519736.0
2013-09-24,81.2,89.75,89.75,80.6,33596316.0,340689216.0
2013-09-25,93.26,98.74,96.17,92.41,54275336.0,615075072.0
2013-09-26,92.83,92.92,86.59,86.59,29990200.0,308923616.0
2013-09-27,81.71,83.34,79.66,77.95,22467022.0,209670944.0
2013-09-30,80.26,81.71,80.77,77.0,11633580.0,109126536.0
2013-10-08,80.26,81.71,81.63,78.37,10724977.0,100587880.0
2013-10-09,80.43,83.42,83.34,79.66,11880166.0,113435048.0
2013-10-10,83.42,84.11,80.68,80.08,11305020.0,108506912.0
2013-10-11,81.37,88.13,86.42,80.51,21667108.0,216753456.0
2013-10-14,86.42,89.41,89.07,84.11,18897724.0,191174128.0
2013-10-15,87.96,90.01,88.47,86.42,13861483.0,143082320.0
2013-10-16,87.61,87.61,81.37,80.43,12243109.0,119443520.0
2013-10-17,82.22,84.45,81.63,81.28,7508743.0,72637000.0
2013-10-18,81.71,82.57,79.23,78.37,7883112.0,73490832.0
2013-10-21,79.57,82.48,82.4,79.57,6962917.0,66276072.0
2013-10-22,82.05,82.05,79.83,78.97,7379462.0,69316544.0
2013-10-23,79.31,81.11,77.52,76.41,6666017.0,60969748.0
2013-10-24,77.6,80.43,77.69,77.43,4652496.0,42710520.0
2013-10-25,77.09,78.12,74.35,73.24,6634677.0,57895856.0
2013-10-28,74.52,75.38,75.12,73.16,3394228.0,29529056.0
2013-10-29,75.72,75.98,72.47,69.99,5432495.0,46046648.0
2013-10-30,72.73,72.98,72.9,71.44,2917292.0,24722500.0
2013-10-31,72.73,74.69,72.56,72.39,3675348.0,31501020.0
2013-11-01,72.56,74.52,73.84,71.87,3715132.0,31837584.0
2013-11-04,74.27,74.61,73.33,73.24,2312269.0,19918760.0
2013-11-05,73.16,74.44,74.18,72.04,3667280.0,31477994.0
2013-11-06,73.84,74.87,73.16,73.07,3342955.0,28953736.0
2013-11-07,72.9,72.9,70.76,70.67,3747715.0,31433848.0
2013-11-08,70.67,72.39,71.1,69.99,3153376.0,26261596.0
2013-11-11,70.84,71.1,69.31,69.13,2553608.0,20804224.0
2013-11-12,69.56,70.76,70.16,69.39,2366891.0,19424172.0
2013-11-13,69.9,71.44,69.73,69.73,2889141.0,23900144.0
2013-11-14,68.71,70.16,70.08,68.02,2962676.0,23924010.0
2013-11-15,70.16,72.81,71.44,69.82,4241796.0,35669664.0
2013-11-18,71.87,76.49,76.32,71.87,8676810.0,75453048.0
2013-11-19,76.32,76.32,74.95,74.44,7355574.0,64547780.0
2013-11-20,74.95,75.38,74.95,74.35,3541667.0,30935204.0
2013-11-21,74.69,75.55,75.21,74.01,4347237.0,38048900.0
2013-11-22,75.04,75.04,73.41,73.24,3189603.0,27558822.0
2013-11-25,73.41,75.29,73.92,72.9,2524540.0,21893824.0
2013-11-26,74.1,75.12,74.61,73.5,3098945.0,26979628.0
2013-11-27,74.61,75.47,75.47,74.18,3299358.0,28934524.0
2013-11-28,75.47,75.89,75.04,75.04,4154206.0,36604016.0
2013-11-29,74.95,75.55,75.12,74.87,2496586.0,21924056.0
2013-12-02,73.16,74.27,69.48,68.88,5592547.0,46732184.0
2013-12-03,69.39,71.02,70.93,69.13,2875230.0,23588258.0
2013-12-04,70.76,76.23,75.04,70.67,8372220.0,72992720.0
2013-12-05,75.21,75.21,74.35,73.67,3712384.0,32258494.0
2013-12-06,74.18,74.69,74.1,73.58,2125456.0,18445764.0
2013-12-09,73.67,75.55,74.95,73.67,2850734.0,24918402.0
2013-12-10,74.95,78.12,76.23,74.95,7331480.0,65747820.0
2013-12-11,75.89,75.89,74.1,73.41,3766222.0,32685558.0
2013-12-12,74.27,75.64,74.95,73.75,3059097.0,26806200.0
2013-12-13,74.61,75.38,75.12,74.35,2068872.0,18124776.0
2013-12-16,75.12,75.29,74.52,72.39,3452624.0,29775568.0
2013-12-17,74.87,81.97,81.97,74.52,14494476.0,136449184.0
2013-12-18,81.97,81.97,79.57,77.0,19574478.0,181458256.0
2013-12-19,78.29,79.57,76.75,76.66,9213092.0,83942728.0
2013-12-20,77.0,80.86,79.4,75.47,15440172.0,142729408.0
2013-12-23,78.63,78.63,75.47,74.27,9391379.0,83283536.0
2013-12-24,75.29,75.29,72.98,72.56,7761817.0,66855808.0
2013-12-25,72.98,73.92,73.84,72.13,3925704.0,33597844.0
2013-12-26,73.58,73.84,70.93,70.59,4670449.0,39484928.0
2013-12-27,70.84,72.13,71.61,70.59,3022382.0,25264954.0
2013-12-30,71.96,73.84,73.07,71.96,2758531.0,23576862.0
2013-12-31,73.41,73.92,73.58,72.04,3427148.0,29291208.0
2014-01-02,73.24,74.1,73.41,72.64,2749937.0,23564912.0
2014-01-03,73.24,73.24,71.53,71.1,3563645.0,29868072.0
2014-01-06,71.53,71.53,69.39,68.96,2788195.0,22764020.0
2014-01-07,69.39,71.44,69.99,69.22,1982967.0,16294143.0
2014-01-08,69.99,70.84,68.96,68.88,2211807.0,17995764.0
2014-01-09,68.88,71.36,68.79,68.62,2424622.0,19805914.0
2014-01-10,69.73,71.87,69.73,69.39,3232157.0,26633244.0
2014-01-13,69.3,70.16,69.05,68.88,2014753.0,16317024.0
2014-01-14,69.39,70.59,70.5,68.96,1835056.0,14983792.0
2014-01-15,70.5,70.76,70.08,69.82,1837726.0,15060130.0
2014-01-16,70.08,71.44,70.5,69.73,2392362.0,19752396.0
2014-01-17,70.25,70.42,69.13,68.96,1766374.0,14345915.0
2014-01-20,69.39,69.99,69.39,68.96,1086720.0,8815916.0
2014-01-21,69.39,70.42,70.16,69.39,2031589.0,16636364.0
2014-01-22,70.59,72.39,71.96,70.42,3839545.0,32131860.0
2014-01-23,72.47,73.84,72.47,72.13,4702455.0,40104336.0
2014-01-24,71.96,73.67,73.16,71.79,4034192.0,34507160.0
2014-01-27,72.64,75.29,74.18,72.47,5072292.0,44029288.0
2014-01-28,74.01,76.15,75.04,73.24,5013103.0,43837968.0
2014-01-29,75.04,75.04,74.87,74.27,2818136.0,24566212.0
2014-01-30,74.69,75.98,74.78,74.35,3001675.0,26361024.0
2014-02-07,74.01,75.55,75.29,73.67,3231620.0,28261176.0
2014-02-10,75.64,77.78,77.26,75.38,5516089.0,49640088.0
2014-02-11,77.26,78.46,77.35,76.58,5298745.0,47980824.0
2014-02-12,77.43,77.78,77.43,76.32,3746638.0,33659464.0
2014-02-13,77.43,82.74,78.97,76.83,12407600.0,116139984.0
2014-02-14,79.23,82.05,80.08,78.72,10023393.0,94276504.0
2014-02-17,81.62,82.65,80.86,80.0,8044586.0,75958144.0
2014-02-18,80.26,80.86,79.57,79.06,7063913.0,65831776.0
2014-02-19,79.4,80.34,79.31,78.97,5080596.0,47297092.0
2014-02-20,79.4,81.45,79.31,78.12,7122384.0,66625012.0
2014-02-21,79.4,79.57,76.66,75.21,6449643.0,58191812.0
2014-02-24,76.41,76.41,73.67,73.07,6241603.0,54017752.0
2014-02-25,73.67,74.52,71.53,71.02,5133620.0,43984628.0
2014-02-26,71.19,73.41,72.73,70.42,3192880.0,26880680.0
2014-02-27,72.81,73.84,71.87,71.7,3260296.0,27699564.0
2014-02-28,71.44,72.21,72.21,69.99,2624358.0,21838952.0
2014-03-03,72.04,74.95,74.52,71.7,5049534.0,43630972.0
2014-03-04,73.67,74.27,74.1,72.98,2870220.0,24676820.0
2014-03-05,74.1,74.69,73.5,73.41,2547202.0,22054920.0
2014-03-06,73.5,74.95,74.52,73.24,3315287.0,28766108.0
2014-03-07,74.52,75.21,73.58,73.5,2750688.0,23847596.0
2014-03-10,72.73,72.9,70.59,69.99,3452308.0,28722602.0
2014-03-11,70.42,71.61,71.1,70.08,1693937.0,14059850.0
2014-03-12,71.02,72.56,71.53,70.25,2292627.0,19125676.0
2014-03-13,71.53,72.39,71.7,70.93,1732258.0,14493290.0
2014-03-14,71.53,73.24,72.47,71.19,2533977.0,21397764.0
2014-03-17,72.56,78.03,76.32,72.13,8913365.0,78993616.0
2014-03-18,75.81,76.92,75.64,75.21,5417598.0,48135464.0
2014-03-19,75.29,77.43,77.18,75.12,5959517.0,53317136.0
2014-03-20,77.26,78.72,73.67,73.58,6960580.0,62447024.0
2014-03-21,73.07,78.12,77.18,72.9,6040739.0,53512864.0
2014-03-24,77.26,78.37,77.78,76.23,5885245.0,53246444.0
2014-03-25,78.12,81.03,78.89,77.78,9653174.0,89704200.0
2014-03-26,78.72,78.8,78.46,76.92,6113308.0,55509204.0
2014-03-27,78.12,78.89,77.26,76.41,5435227.0,49384304.0
2014-03-28,77.0,79.23,76.06,75.81,5190335.0,47014780.0
2014-03-31,75.98,76.75,74.35,73.75,3068037.0,26827976.0
2014-04-01,74.44,75.72,75.64,74.44,2118723.0,18648508.0
2014-04-02,75.38,76.06,75.21,74.69,2273875.0,20063292.0
2014-04-03,75.12,75.98,75.98,75.04,2430672.0,21456980.0
2014-04-04,75.64,76.66,76.49,75.38,2141633.0,19072328.0
2014-04-08,76.15,78.29,77.86,76.06,3701197.0,33423304.0
2014-04-09,78.12,78.37,77.78,77.18,2874477.0,26097044.0
2014-04-10,77.86,78.29,77.6,77.52,3488061.0,31770528.0
2014-04-11,77.52,77.52,77.09,76.58,2661961.0,23957042.0
2014-04-14,77.26,79.83,79.49,76.92,7342439.0,67709872.0
2014-04-15,78.97,79.83,78.37,77.69,3844564.0,35318548.0
2014-04-16,77.95,78.63,78.29,77.35,2102217.0,19185940.0
2014-04-17,78.46,79.57,78.29,77.86,2986068.0,27494080.0
2014-04-18,78.29,78.89,78.72,77.43,3116682.0,28446970.0
2014-04-21,78.72,80.26,77.6,77.43,6348518.0,58820012.0
2014-04-22,77.09,78.2,77.43,76.15,3891912.0,35137724.0
2014-04-23,77.6,78.29,75.55,75.47,3334564.0,29929980.0
2014-04-24,75.72,76.06,73.75,73.67,3411215.0,29713476.0
2014-04-25,74.1,74.61,71.87,71.7,2808217.0,24069536.0
2014-04-28,71.27,72.04,70.93,70.76,2276899.0,18972552.0
2014-04-29,71.19,72.73,72.64,71.1,1838994.0,15480159.0
2014-04-30,73.16,76.92,74.35,72.64,3464864.0,30304640.0
2014-05-05,73.92,75.12,75.04,73.24,1919779.0,16675682.0
2014-05-06,75.29,75.29,74.52,74.01,1718868.0,14995216.0
2014-05-07,74.52,74.87,74.1,73.5,1269297.0,11013155.0
2014-05-08,73.75,75.29,74.61,73.67,1917702.0,16711543.0
2014-05-09,74.27,74.44,72.81,72.13,1867672.0,15968391.0
2014-05-12,73.24,74.78,74.61,73.16,1767069.0,15296698.0
2014-05-13,74.61,74.95,74.69,74.1,1468244.0,12793420.0
2014-05-14,74.95,75.04,74.87,74.44,1286048.0,11237619.0
2014-05-15,74.78,74.78,72.73,72.47,1836245.0,15780331.0
2014-05-16,72.9,73.41,73.16,72.47,805517.0,6864415.0
2014-05-19,73.16,74.27,73.84,72.73,1092300.0,9381322.0
2014-05-20,74.01,74.44,73.07,72.73,1096463.0,9413477.0
2014-05-21,72.98,73.67,73.24,71.96,847764.0,7253966.0
2014-05-22,73.41,75.29,73.84,73.16,1879209.0,16334639.0
2014-05-23,74.35,74.78,74.52,73.41,1768478.0,15330564.0
2014-05-26,74.44,75.47,75.38,74.1,2224288.0,19497224.0
2014-05-27,75.47,75.64,74.78,74.52,1598994.0,14004720.0
2014-05-28,74.78,75.55,75.55,74.44,1831663.0,16087741.0
2014-05-29,75.55,76.66,75.38,75.12,2961007.0,26255710.0
2014-05-30,75.38,75.38,74.87,74.35,1810376.0,15807681.0
2014-06-03,74.87,75.55,75.04,74.44,1498132.0,13124553.0
2014-06-04,75.21,75.55,74.27,73.67,1407724.0,12233725.0
2014-06-05,74.27,75.47,75.47,73.84,1632989.0,14304178.0
2014-06-06,75.47,75.81,75.29,75.04,1533843.0,13514500.0
2014-06-09,75.38,76.23,75.29,75.12,1888354.0,16724122.0
2014-06-10,75.55,76.49,76.23,75.29,2723758.0,24207960.0
2014-06-11,76.23,76.49,75.98,75.21,2148817.0,19029624.0
2014-06-12,75.98,77.86,76.92,75.64,6338068.0,57037692.0
2014-06-13,76.41,76.92,76.49,75.89,2793443.0,24958596.0
2014-06-16,76.49,77.0,76.06,75.72,2302355.0,20522848.0
2014-06-17,75.72,76.06,74.69,74.69,2517598.0,22148028.0
2014-06-18,74.61,75.04,72.64,72.64,3157197.0,27157108.0
2014-06-19,72.81,73.84,71.53,70.84,2716015.0,23015048.0
2014-06-20,71.96,72.9,72.47,71.61,1550246.0,13080254.0
2014-06-23,72.56,73.24,73.07,71.95,1427455.0,12096291.0
2014-06-24,73.16,73.33,73.07,72.64,1208151.0,10298735.0
2014-06-25,73.07,74.19,73.67,72.73,2087955.0,17911568.0
2014-06-26,73.5,74.7,74.61,73.5,2660124.0,23059006.0
2014-06-27,74.53,75.56,75.39,74.19,2626360.0,22963906.0
2014-06-30,75.64,75.9,75.47,75.04,1758102.0,15479598.0
2014-07-01,75.47,75.9,75.47,74.96,1631224.0,14341679.0
2014-07-02,75.47,78.47,77.19,74.61,10021743.0,89823552.0
2014-07-03,76.76,79.33,78.82,76.5,10268081.0,93419728.0
2014-07-04,78.47,79.85,78.47,77.62,8040217.0,73746984.0
2014-07-07,78.05,78.73,77.53,76.76,6136276.0,55438872.0
2014-07-08,77.44,78.05,77.53,76.42,3723186.0,33520778.0
2014-07-09,77.19,77.62,75.39,75.21,3347574.0,29814242.0
2014-07-10,75.39,76.5,76.07,75.39,2385805.0,21131872.0
2014-07-11,76.07,77.62,77.27,75.99,3411113.0,30646388.0
2014-07-14,77.27,77.87,77.79,76.76,2717887.0,24519432.0
2014-07-15,77.62,78.82,78.64,76.33,4735074.0,42995472.0
2014-07-16,78.3,78.56,77.96,76.93,3767901.0,34169272.0
2014-07-17,77.36,78.3,77.62,76.16,3936737.0,35413888.0
2014-07-18,76.93,79.76,79.42,76.5,8726869.0,80073968.0
2014-07-21,79.67,79.67,78.22,77.87,5417704.0,49725120.0
2014-07-22,78.3,78.99,78.13,77.87,4350776.0,39732364.0
2014-07-23,78.3,78.47,77.7,76.67,3941014.0,35669744.0
2014-07-24,77.62,78.47,77.62,77.02,3652076.0,33121886.0
2014-07-25,77.7,77.79,77.53,77.02,2931122.0,26458270.0
2014-07-28,77.87,79.59,79.33,77.87,7050527.0,64796436.0
2014-07-29,79.33,81.56,80.1,78.82,10091055.0,94772512.0
2014-07-30,79.85,80.1,79.59,78.9,3790681.0,35107764.0
2014-07-31,79.5,81.47,80.7,79.33,6336914.0,59700376.0
2014-08-01,80.53,82.5,81.13,79.93,10390351.0,98476240.0
2014-08-04,81.22,82.16,81.22,80.45,5537366.0,52431888.0
2014-08-05,81.22,81.39,80.36,79.67,4823611.0,45125448.0
2014-08-06,80.36,81.05,80.96,79.67,2998740.0,28128744.0
2014-08-07,80.79,81.05,79.85,79.76,3319724.0,31088428.0
2014-08-08,79.76,80.28,80.28,79.59,2248586.0,20959554.0
2014-08-11,80.19,81.3,81.3,80.1,3455917.0,32607432.0
2014-08-12,81.47,81.65,81.39,80.79,3381341.0,31998312.0
2014-08-13,80.88,83.88,83.11,80.19,12033675.0,115735736.0
2014-08-14,83.53,83.79,82.08,81.9,6124840.0,59118316.0
2014-08-15,81.99,83.11,82.5,81.22,5017780.0,48235388.0
2014-08-18,82.93,82.93,82.59,81.39,4661480.0,44687092.0
2014-08-19,82.68,83.28,83.19,82.08,5009315.0,48358296.0
2014-08-20,83.19,83.7,82.76,82.5,5527659.0,53546160.0
2014-08-21,82.5,83.02,81.99,81.22,4547810.0,43450232.0
2014-08-22,82.5,89.37,85.85,82.08,16334126.0,164260928.0
2014-08-25,85.42,86.45,84.82,84.39,7361123.0,73117288.0
2014-08-26,84.91,87.82,85.94,84.73,10478279.0,105450000.0
2014-08-27,85.85,89.54,89.11,85.08,13130487.0,134360624.0
2014-08-28,88.85,90.14,87.39,87.22,9918406.0,102304552.0
2014-08-29,87.22,87.91,87.31,86.54,5322919.0,54080728.0
2014-09-01,87.22,88.59,87.99,87.05,4405718.0,45087892.0
2014-09-02,88.17,89.02,88.51,87.22,6902626.0,71070232.0
2014-09-03,88.77,89.11,88.42,87.91,5670393.0,58438900.0
2014-09-04,88.59,91.17,89.71,88.51,9426297.0,99113584.0
2014-09-05,89.71,91.34,90.82,89.11,6155620.0,64772384.0
2014-09-09,91.08,94.0,92.54,90.14,7261307.0,78303320.0
2014-09-10,92.28,96.66,96.06,91.94,11147847.0,122823616.0
2014-09-11,96.66,97.08,94.43,93.22,12687374.0,140543952.0
2014-09-12,93.91,95.45,94.6,92.62,6443303.0,70830760.0
2014-09-15,94.25,94.34,93.4,92.54,8279182.0,90142128.0
2014-09-16,93.91,95.88,90.57,89.97,13718811.0,149099232.0
2014-09-17,90.65,91.34,90.82,89.19,6878221.0,72435464.0
2014-09-18,90.91,92.45,92.03,89.28,5453914.0,58147048.0
2014-09-19,91.77,92.71,92.2,91.0,4205097.0,45109592.0
2014-09-22,91.94,93.65,91.94,91.08,5155273.0,55497664.0
2014-09-23,91.94,94.94,94.43,91.77,7538730.0,82310304.0
2014-09-24,94.43,95.71,95.63,93.83,6395437.0,70738496.0
2014-09-25,95.71,96.31,93.65,93.05,7037848.0,77512920.0
2014-09-26,93.05,94.77,93.74,92.71,3606295.0,39453256.0
2014-09-29,93.83,94.77,93.91,93.31,4130266.0,45257740.0
2014-09-30,93.31,96.06,95.11,93.31,5887263.0,65421124.0
2014-10-08,95.2,95.8,95.45,93.65,5190117.0,57416916.0
2014-10-09,95.28,96.31,96.06,94.43,7822003.0,87195040.0
2014-10-10,96.06,98.11,96.4,95.37,10991337.0,124068248.0
2014-10-13,95.97,96.14,95.37,94.17,5556400.0,61591016.0
2014-10-14,95.11,97.34,95.37,94.86,6247762.0,69904408.0
2014-10-15,95.11,95.54,94.08,93.48,5629543.0,61740860.0
2014-10-16,93.48,95.63,93.65,92.97,6291267.0,69308736.0
2014-10-17,93.65,94.34,91.42,90.05,6765307.0,72743200.0
2014-10-20,91.68,93.14,92.45,91.6,2698207.0,29046688.0
2014-10-21,92.45,92.88,91.0,90.65,3288245.0,35138456.0
2014-10-22,90.74,91.68,89.8,89.71,3845189.0,40666688.0
2014-10-23,89.79,90.48,89.02,88.17,3936173.0,40962448.0
2014-10-24,89.02,90.65,89.71,88.77,3119582.0,32576408.0
2014-10-27,89.37,98.46,96.06,89.02,16067238.0,178134912.0
2014-10-28,97.78,106.89,106.89,96.22,30483514.0,362607872.0
2014-10-29,106.89,117.56,117.56,106.02,38177984.0,495398080.0
2014-10-30,124.07,129.36,125.8,122.33,68945432.0,1003140288.0
2014-10-31,124.93,133.87,129.18,123.98,65134984.0,966956224.0
2014-11-03,127.54,138.73,130.14,126.32,56535212.0,856269056.0
2014-11-04,127.97,136.04,133.61,126.67,41102836.0,619622720.0
2014-11-05,131.01,134.13,129.71,129.18,29226660.0,441311424.0
2014-11-06,128.84,138.55,134.48,127.88,38860816.0,600873344.0
2014-11-07,132.74,140.03,132.48,131.27,29246066.0,455113984.0
2014-11-10,132.57,137.08,136.99,130.92,23727772.0,368291168.0
2014-11-11,138.64,138.64,128.92,124.93,32076256.0,486409024.0
2014-11-12,127.1,141.85,141.85,127.1,26307658.0,413860928.0
2014-11-13,147.49,155.99,144.37,143.41,52667588.0,909398528.0
2014-11-14,142.2,157.73,152.35,140.98,40983632.0,711939648.0
2014-11-17,151.66,159.98,152.18,144.71,39384140.0,691885312.0
2014-11-18,149.23,152.96,146.97,145.24,25932460.0,444271040.0
2014-11-19,145.5,148.97,146.19,144.19,17899496.0,302108736.0
2014-11-20,145.75,150.79,148.27,144.71,15895152.0,271316736.0
2014-11-21,148.88,150.53,148.44,147.23,15065261.0,258112176.0
2014-11-24,149.31,155.12,153.13,145.58,36083876.0,625095936.0
2014-11-25,150.53,160.33,151.22,149.22,51020928.0,913844736.0
2014-11-26,149.66,149.66,146.19,143.85,33074880.0,558380224.0
2014-11-27,145.58,146.19,143.93,142.89,22191180.0,369061344.0
2014-11-28,144.45,148.01,144.8,143.85,19317592.0,324756320.0
2014-12-01,143.41,146.36,138.03,137.77,18250752.0,297401856.0
2014-12-02,139.68,143.59,141.42,138.9,12346371.0,201775552.0
2014-12-03,143.15,144.71,144.02,138.99,16571982.0,271593216.0
2014-12-04,143.15,150.79,149.23,142.2,24574180.0,412907136.0
2014-12-05,148.18,148.27,141.59,136.47,20511492.0,338201888.0
2014-12-08,141.76,147.32,142.54,141.76,14504487.0,241245024.0
2014-12-09,140.55,148.36,138.81,136.65,27659168.0,456303008.0
2014-12-10,138.81,149.57,146.88,136.91,26309330.0,438086432.0
2014-12-11,146.8,149.49,144.63,142.63,17594034.0,294884768.0
2014-12-12,144.63,146.36,144.71,142.54,10298938.0,171346736.0
2014-12-15,144.63,158.68,154.0,144.02,31500036.0,550665856.0
2014-12-16,152.44,153.22,150.96,148.79,18657826.0,324237344.0
2014-12-17,149.92,153.39,146.62,144.71,18010640.0,309591392.0
2014-12-18,146.36,149.75,146.54,145.32,11120751.0,189299952.0
2014-12-19,145.58,151.22,146.71,143.85,17549684.0,299313760.0
2014-12-22,144.89,144.89,135.95,133.61,16207043.0,258870016.0
2014-12-23,134.48,138.38,133.52,133.35,7941530.0,124095672.0
2014-12-24,135.78,139.85,138.81,134.48,9610043.0,151590480.0
2014-12-25,139.51,139.68,138.29,135.34,7577253.0,120208264.0
2014-12-26,137.95,146.62,144.02,137.08,16621447.0,272081728.0
2014-12-29,143.15,144.45,140.12,138.9,11133258.0,181684912.0
2014-12-30,140.38,142.63,137.86,137.17,6290769.0,101206784.0
2014-12-31,138.21,139.85,139.42,136.3,4691667.0,74810872.0
2015-01-05,138.81,142.46,141.24,138.38,6689346.0,108590016.0
2015-01-06,141.07,155.38,149.31,140.29,29676864.0,517294400.0
2015-01-07,147.49,164.24,162.59,145.75,51196664.0,931490112.0
2015-01-08,162.59,175.43,165.19,160.5,48115908.0,926547392.0
2015-01-09,162.59,173.17,163.02,160.33,31311336.0,603402688.0
2015-01-12,167.44,170.48,167.88,163.45,24854142.0,479997088.0
2015-01-13,167.01,168.31,159.9,157.73,22770778.0,424002528.0
2015-01-14,160.07,161.72,153.13,151.31,20481424.0,366999456.0
2015-01-15,153.13,155.82,154.95,151.83,13525355.0,239651264.0
2015-01-16,153.65,160.07,158.77,152.7,21056920.0,379082848.0
2015-01-19,153.56,156.51,147.4,143.07,21138448.0,366876256.0
2015-01-20,147.66,154.69,153.22,147.66,14597307.0,254968512.0
2015-01-21,155.3,164.67,162.24,152.87,23066656.0,424212416.0
2015-01-22,161.81,164.41,162.07,159.81,19388556.0,361421536.0
2015-01-23,162.15,168.31,163.45,161.11,24713896.0,469298848.0
2015-01-26,164.84,177.86,174.56,163.11,33818164.0,668028288.0
2015-01-27,171.78,173.26,165.71,162.67,29139276.0,562806208.0
2015-01-28,163.19,167.1,162.59,161.2,13600116.0,256365024.0
2015-01-29,161.37,164.41,161.63,158.77,8847102.0,165737456.0
2015-01-30,163.19,164.24,155.47,155.21,12875129.0,235097328.0
2015-02-02,151.91,159.2,156.08,151.57,8850210.0,159338032.0
2015-02-03,158.34,159.03,156.43,154.78,7672293.0,138565280.0
2015-02-04,155.38,158.16,154.69,153.74,8144378.0,146137840.0
2015-02-05,156.69,157.21,151.05,150.87,8497143.0,150640656.0
2015-02-06,151.65,153.56,146.54,145.75,8909705.0,153742816.0
2015-02-09,145.23,148.1,144.89,144.02,5338480.0,89912208.0
2015-02-10,144.89,148.18,148.01,144.54,4625834.0,78063160.0
2015-02-11,148.36,151.65,149.75,148.36,4761204.0,82294936.0
2015-02-12,149.22,154.17,153.56,149.22,6223633.0,108849704.0
2015-02-13,154.08,155.47,152.87,152.18,7032202.0,124954768.0
2015-02-16,152.96,153.56,152.78,151.39,5878609.0,103313736.0
2015-02-17,152.87,158.51,156.86,152.87,9632859.0,173512320.0
2015-02-25,155.99,156.17,153.56,153.3,5352373.0,95449368.0
2015-02-26,153.39,155.12,154.26,151.22,5983194.0,105263848.0
2015-02-27,154.43,158.34,156.77,154.17,7745109.0,139994304.0
2015-03-02,157.73,162.85,161.81,155.47,13009162.0,238845968.0
2015-03-03,160.07,160.24,155.82,155.65,10161031.0,184767088.0
2015-03-04,155.91,160.07,158.51,154.52,9299091.0,169014176.0
2015-03-05,157.99,158.59,158.34,154.69,8763008.0,157957168.0
2015-03-06,159.72,160.07,155.73,155.04,7758414.0,140573488.0
2015-03-09,153.65,156.6,155.65,152.52,4506322.0,80635584.0
2015-03-10,155.65,159.55,157.64,155.65,7777278.0,141572208.0
2015-03-11,157.47,157.47,154.69,154.08,6305568.0,112894000.0
2015-03-12,154.69,157.47,155.12,153.82,5736050.0,102682272.0
2015-03-13,155.38,158.34,157.47,153.91,8340964.0,150020368.0
2015-03-16,157.9,163.89,163.02,157.38,17569048.0,326359840.0
2015-03-17,162.67,163.19,162.41,160.16,15037702.0,279973920.0
2015-03-18,161.98,164.75,163.97,161.81,13446284.0,252946720.0
2015-03-19,163.97,164.41,163.28,160.68,12737305.0,239167600.0
2015-03-20,163.28,166.4,164.84,162.33,14204816.0,268580288.0
2015-03-23,164.84,166.49,165.45,163.54,13968743.0,265335440.0
2015-03-24,165.71,166.06,162.93,158.94,15112425.0,284089536.0
2015-03-25,163.45,163.45,159.46,158.77,12646534.0,233613920.0
2015-03-26,157.81,160.85,158.07,157.03,8894773.0,162695600.0
2015-03-27,158.51,162.41,161.81,158.51,9533246.0,176822640.0
2015-03-30,163.02,171.7,168.92,163.02,23733484.0,460666944.0
2015-03-31,169.09,170.22,164.32,163.97,16783768.0,321386240.0
2015-04-01,163.97,167.44,166.06,163.45,11037892.0,210586400.0
2015-04-02,166.58,175.77,173.95,165.71,26842570.0,529527488.0
2015-04-03,171.0,175.34,172.82,170.05,19113892.0,379333056.0
2015-04-07,173.52,180.89,180.2,170.22,27541724.0,561053952.0
2015-04-08,178.81,180.46,175.77,170.74,18797330.0,381205792.0
2015-04-09,174.47,174.91,167.53,164.84,15395005.0,299294304.0
2015-04-10,167.53,172.13,169.79,167.27,11323895.0,221229280.0
2015-04-13,172.65,186.79,186.79,170.22,27920836.0,577978816.0
2015-04-14,192.6,205.44,199.81,190.96,49726144.0,1154637440.0
2015-04-15,196.77,208.13,192.95,191.48,39502008.0,906543616.0
2015-04-16,186.53,191.3,189.83,178.72,27648378.0,592828992.0
2015-04-17,190.87,202.75,191.65,190.26,25327464.0,570778688.0
2015-04-20,188.27,195.38,182.97,182.45,22808168.0,493290400.0
2015-04-21,182.89,187.83,187.66,182.37,12295821.0,263137184.0
2015-04-22,187.92,195.03,191.65,187.83,17303816.0,381665280.0
2015-04-23,191.74,195.38,193.39,189.13,16824452.0,373788928.0
2015-04-24,189.48,203.88,201.37,186.71,26258872.0,599893504.0
2015-04-27,203.88,204.58,195.99,193.65,20955144.0,477940000.0
2015-04-28,195.64,195.64,186.27,184.71,16016293.0,348038208.0
2015-04-29,186.44,190.7,188.96,184.97,8846171.0,192433376.0
2015-04-30,190.26,192.17,186.1,185.84,9261705.0,201109504.0
2015-05-04,182.19,186.19,183.76,180.2,10932006.0,230172016.0
2015-05-05,183.76,183.84,173.43,173.26,9474730.0,195482528.0
2015-05-06,173.43,175.77,169.18,167.88,10358650.0,206244512.0
2015-05-07,169.18,177.86,174.21,167.1,13687492.0,273140992.0
2015-05-08,177.42,179.42,178.38,173.69,9895192.0,201552176.0
2015-05-11,181.33,186.36,184.54,178.55,12577547.0,265960528.0
2015-05-12,187.99,203.02,203.02,187.65,17015730.0,386833792.0
2015-05-13,223.34,223.34,223.34,214.22,36037480.0,915959616.0
2015-05-14,230.11,232.63,222.81,217.08,45416132.0,1172609536.0
2015-05-15,221.43,245.13,245.13,214.48,33356612.0,877648128.0
2015-05-18,245.22,269.53,252.94,243.22,41210776.0,1211516544.0
2015-05-19,244.44,278.21,254.94,244.44,63698436.0,1953840640.0
2015-05-20,247.47,259.63,247.82,244.61,47733536.0,1379280128.0
2015-05-21,244.26,250.08,246.52,239.23,31303000.0,881328320.0
2015-05-22,247.56,259.63,254.77,245.91,37875380.0,1103714048.0
2015-05-25,251.82,263.19,259.46,248.52,35137604.0,1038649472.0
2015-05-26,259.37,281.25,271.88,256.68,40288912.0,1249086976.0
2015-05-27,271.79,273.96,263.37,258.76,29939044.0,914964736.0
2015-05-28,263.37,263.37,237.06,237.06,26247952.0,762362048.0
2015-05-29,237.06,242.87,235.49,224.2,18969780.0,514695072.0
2015-06-01,236.01,248.86,246.26,235.84,16492931.0,464125632.0
2015-06-02,246.69,262.67,257.81,243.31,19703456.0,577456832.0
2015-06-03,257.89,259.2,248.6,243.13,17398060.0,500880928.0
2015-06-04,248.6,257.2,255.81,234.62,16364798.0,468526048.0
2015-06-05,257.89,268.49,261.37,253.55,23479768.0,707965824.0
2015-06-08,260.93,260.93,254.86,249.99,15982985.0,468475392.0
2015-06-09,252.69,276.3,269.18,250.08,32874128.0,1012981248.0
2015-06-10,266.58,287.42,280.21,261.11,35496488.0,1124165376.0
2015-06-11,286.55,301.14,292.45,276.91,30632036.0,1023920448.0
2015-06-12,293.67,297.14,281.34,280.3,24295404.0,797758656.0
2015-06-15,276.22,279.52,268.14,260.5,16665666.0,523369536.0
2015-06-16,276.56,294.97,286.64,268.84,35694144.0,1177787648.0
2015-06-17,273.52,279.43,277.08,262.24,22769252.0,708946368.0
2015-06-18,273.09,287.42,270.92,269.88,20176948.0,648723008.0
2015-06-19,263.54,269.18,243.83,243.83,16237392.0,474827104.0
2015-06-23,246.61,250.17,244.7,224.99,15702543.0,431715168.0
2015-06-24,249.47,259.46,257.98,243.31,17235950.0,498138144.0
2015-06-25,256.16,257.46,239.92,234.54,14112768.0,404643712.0
2015-06-26,229.07,234.54,215.96,215.96,15771235.0,406912896.0
2015-06-29,222.29,224.72,194.33,194.33,17165388.0,408263072.0
2015-06-30,191.03,213.78,211.61,174.88,23382604.0,523257472.0
2015-07-01,211.0,221.6,196.59,191.12,17669766.0,432751488.0
2015-07-02,202.41,207.97,184.96,181.13,20244338.0,454473312.0
2015-07-03,174.1,192.07,167.15,166.46,21836160.0,436896800.0
2015-07-06,183.91,183.91,154.56,150.66,22937896.0,438903616.0
2015-07-07,145.88,150.05,139.11,139.11,10584382.0,173578560.0
2015-07-08,125.21,125.21,125.21,125.21,1648200.0,23767044.0
2015-07-09,112.71,137.72,137.72,112.71,25295284.0,369807584.0
2015-07-10,145.88,151.52,151.52,139.37,14828239.0,255511344.0
2015-07-13,166.72,166.72,166.72,161.08,23013168.0,440178752.0
2015-07-14,179.75,183.39,183.39,174.36,15804489.0,330069184.0
2015-07-15,189.99,193.9,173.58,172.36,44395952.0,933947136.0
2015-07-16,164.98,190.95,190.95,162.38,32864194.0,695535616.0
2015-07-17,198.85,210.05,210.05,192.77,33557516.0,797739264.0
2015-07-20,205.62,229.07,224.72,204.32,41819040.0,1031093888.0
2015-07-21,217.08,225.94,218.99,212.57,26001356.0,660669312.0
2015-07-22,218.12,233.41,227.5,215.43,25841384.0,672340288.0
2015-07-23,225.77,230.11,228.89,224.9,24758782.0,650003136.0
2015-07-24,228.37,246.95,231.67,221.51,41446224.0,1099522432.0
2015-07-27,224.03,238.18,208.49,208.49,33640212.0,876620800.0
2015-07-28,191.9,217.08,208.31,191.12,30867916.0,727300416.0
2015-07-29,212.74,220.64,220.04,197.98,24859516.0,604802560.0
2015-07-30,217.08,228.03,215.17,211.87,25862128.0,663349184.0
2015-07-31,208.57,214.48,203.19,197.81,21391736.0,509151232.0
2015-08-03,197.98,200.32,182.96,182.87,18912292.0,411222240.0
2015-08-04,185.65,201.28,201.28,185.65,20836568.0,465945440.0
2015-08-05,204.06,210.05,200.24,198.07,22859492.0,536354528.0
2015-08-06,191.03,202.58,195.98,188.86,13483637.0,306286848.0
2015-08-07,200.15,215.61,215.61,199.72,30921948.0,755606272.0
2015-08-10,221.34,229.67,226.55,214.13,31970250.0,816064640.0
2015-08-11,225.59,237.23,226.63,222.55,27416848.0,726846592.0
2015-08-12,222.29,248.34,238.36,220.38,35718800.0,981279040.0
2015-08-13,237.06,260.07,252.16,234.88,37248344.0,1070218560.0
2015-08-14,254.94,256.16,244.35,241.83,32285284.0,917740608.0
2015-08-17,241.4,249.47,246.17,240.18,20434594.0,578044032.0
2015-08-18,244.7,247.04,221.6,221.6,26044342.0,697125376.0
2015-08-19,212.22,230.89,227.85,200.76,23946510.0,599379648.0
2015-08-20,222.64,227.85,212.57,212.22,14673248.0,372316864.0
2015-08-21,206.66,214.65,202.93,198.85,16486730.0,393714304.0
2015-08-24,190.51,194.07,182.61,182.61,15527598.0,331322848.0
2015-08-25,164.55,183.65,164.38,164.38,23027150.0,450511040.0
2015-08-26,165.07,180.61,168.46,159.6,26236050.0,517958880.0
2015-08-27,175.49,185.3,185.3,175.49,28395352.0,597890176.0
2015-08-28,191.03,203.8,203.8,190.86,32288496.0,747243072.0
2015-08-31,197.03,218.99,208.92,197.03,39508088.0,952713920.0
2015-09-01,203.19,204.23,187.99,187.99,32257572.0,720656256.0
2015-09-02,174.53,206.84,196.16,171.15,44001340.0,1008873856.0
2015-09-07,201.02,215.78,215.78,196.16,43434552.0,1049452928.0
2015-09-08,209.27,237.4,237.4,201.71,48356096.0,1229527168.0
2015-09-09,244.44,260.93,239.57,226.63,68025632.0,1943640704.0
2015-09-10,227.5,241.4,225.68,224.9,41860884.0,1113385216.0
2015-09-11,222.55,248.26,248.26,222.38,47531984.0,1289035648.0
2015-09-14,242.7,251.29,223.42,223.42,47483904.0,1294156672.0
2015-09-15,212.74,227.33,203.62,201.45,32627510.0,796124608.0
2015-09-16,208.4,224.03,224.03,204.93,45958384.0,1171971200.0
2015-09-17,228.54,246.17,227.16,225.42,57567068.0,1559242752.0
2015-09-18,229.59,231.41,223.07,213.78,34028964.0,874839680.0
2015-09-21,218.82,235.93,232.63,217.43,25582350.0,678590912.0
2015-09-22,231.67,246.61,240.44,231.67,37324136.0,1030645248.0
2015-09-23,233.58,238.27,228.63,228.28,28306834.0,759521344.0
2015-09-24,230.54,239.75,231.84,229.07,18938800.0,511371744.0
2015-09-25,236.27,248.86,238.01,233.67,41363304.0,1150256512.0
2015-09-28,236.19,238.62,234.8,214.39,26232352.0,686891392.0
2015-09-29,225.77,240.96,228.89,224.9,19075972.0,510894080.0
2015-09-30,234.45,241.4,231.32,230.11,19286252.0,522041920.0
2015-10-08,238.79,253.99,249.82,234.97,32425956.0,909565824.0
2015-10-09,245.74,254.85,254.33,244.0,30682224.0,882557248.0
2015-10-12,255.72,277.69,265.19,255.55,45175348.0,1378730112.0
2015-10-13,260.5,277.78,271.27,258.76,36167476.0,1123835008.0
2015-10-14,269.18,274.31,261.11,260.85,26966532.0,828281152.0
2015-10-15,258.59,275.09,271.7,257.72,28502668.0,877664768.0
2015-10-16,276.13,298.88,298.88,269.62,49221344.0,1628727296.0
2015-10-19,311.82,328.23,303.66,300.27,56940284.0,2049731968.0
2015-10-20,300.53,311.73,301.92,291.06,33110744.0,1142961152.0
2015-10-21,300.1,310.51,271.7,271.7,36596144.0,1215586432.0
2015-10-22,272.05,298.88,298.79,272.05,37174216.0,1228482432.0
2015-10-23,299.14,317.81,299.31,295.23,39018168.0,1382224640.0
2015-10-26,290.89,291.5,285.33,272.66,34024988.0,1107316352.0
2015-10-27,279.25,289.76,285.68,274.65,20101398.0,659391168.0
2015-10-28,279.17,285.51,273.0,271.96,16399988.0,524673056.0
2015-10-29,277.43,283.77,277.26,274.65,13005679.0,417967200.0
2015-10-30,276.13,298.19,279.95,266.32,21751340.0,707325312.0
2015-11-02,269.18,289.15,275.44,267.19,14663662.0,472783808.0
2015-11-03,275.69,279.6,273.0,265.88,14262770.0,448834016.0
2015-11-04,277.87,288.29,285.68,275.69,18458064.0,601634432.0
2015-11-05,284.55,296.97,285.68,283.16,20602166.0,685897600.0
2015-11-06,282.21,289.33,286.9,282.21,14107490.0,466017440.0
2015-11-09,282.9,288.29,284.46,273.61,16680956.0,542167360.0
2015-11-10,280.73,288.11,282.82,277.95,14473994.0,472937088.0
2015-11-11,280.47,294.45,293.84,279.43,22712760.0,754893440.0
2015-11-12,292.63,294.02,285.07,283.68,15694843.0,519098048.0
2015-11-13,282.29,306.69,292.8,278.82,25376628.0,866839104.0
2015-11-16,286.29,290.8,288.46,283.77,13951782.0,460152000.0
2015-11-17,290.72,299.57,291.5,286.72,22261526.0,754592128.0
2015-11-18,290.46,312.17,298.88,289.59,28026266.0,975898688.0
2015-11-19,300.7,301.92,297.75,286.72,16537966.0,558324608.0
2015-11-20,297.84,311.56,291.93,291.32,21346756.0,738400448.0
2015-11-23,288.37,291.5,280.3,277.87,16474110.0,540693184.0
2015-11-24,278.65,286.38,282.82,278.3,8055745.0,260968304.0
2015-11-25,280.47,282.99,279.0,270.14,18252256.0,581637760.0
2015-11-26,279.69,282.3,275.96,275.52,12220751.0,392293184.0
2015-11-27,269.27,275.35,253.99,249.04,13844049.0,420575744.0
2015-11-30,258.76,260.06,251.82,234.54,11267208.0,323833536.0
2015-12-01,252.42,257.46,255.72,248.34,9658758.0,282160329.0
2015-12-02,255.38,258.76,252.94,245.56,7013202.0,203910928.0
2015-12-03,254.68,257.72,257.63,250.08,8726815.0,255888887.0
2015-12-04,258.24,259.46,254.86,252.69,8103169.0,239285568.0
2015-12-07,255.2,257.89,256.07,251.64,7080686.0,207758103.0
2015-12-08,255.03,255.03,244.09,243.22,8077249.0,231069136.0
2015-12-09,244.09,248.26,237.66,234.71,8910427.0,246100254.0
2015-12-10,240.35,261.37,254.42,236.62,19755352.0,576067584.0
2015-12-11,249.21,260.41,250.51,249.21,11069325.0,324596032.0
2015-12-14,247.47,256.77,253.81,245.74,6829534.0,198956784.0
2015-12-15,253.55,265.62,263.02,252.25,9590585.0,285474848.0
2015-12-16,261.8,265.62,260.07,259.11,8793581.0,264924272.0
2015-12-17,263.11,267.19,263.19,260.85,10592741.0,321459936.0
2015-12-18,264.84,269.96,262.15,261.63,10463213.0,319827360.0
2015-12-21,261.28,263.97,260.15,257.98,6314011.0,189923840.0
2015-12-22,260.33,263.97,261.11,258.85,5180848.0,155708796.0
2015-12-23,260.5,263.8,258.07,257.63,7515425.0,225372352.0
2015-12-24,258.76,260.33,258.33,256.25,5021227.0,149254176.0
2015-12-25,259.54,259.54,257.81,254.68,4980845.0,147200161.0
2015-12-28,260.07,274.83,264.93,259.37,22295868.0,690072699.0
2015-12-29,261.8,264.84,263.45,257.89,8907521.0,268306943.0
2015-12-30,263.71,272.05,265.88,261.8,7888513.0,242128783.0
2015-12-31,264.49,275.52,271.88,264.49,16028391.0,500697847.0
2016-01-04,269.7,289.85,263.11,250.95,18934804.0,608142988.0
2016-01-05,262.5,289.42,289.42,262.5,47152272.0,1541838497.0
2016-01-06,286.46,300.01,298.01,278.74,47362944.0,1587267180.0
2016-01-07,287.42,290.89,268.23,268.23,8492439.0,271363695.0
2016-01-08,275.52,280.12,252.94,242.09,30189545.0,916269696.0
2016-01-11,232.71,238.79,227.68,227.68,21507639.0,575285500.0
2016-01-12,225.77,229.41,211.18,208.4,17709491.0,447047237.0
2016-01-13,224.9,229.93,205.19,204.84,23248124.0,590461118.0
2016-01-14,191.9,210.14,209.62,186.78,20397640.0,461224773.0
2016-01-15,205.01,217.17,198.94,194.42,16326616.0,384270034.0
2016-01-18,189.21,209.27,200.15,188.08,12531293.0,290739033.0
2016-01-19,199.72,210.57,208.31,199.46,13935749.0,331365368.0
2016-01-20,205.71,209.79,204.75,201.11,11869687.0,281725737.0
2016-01-21,199.63,205.88,190.43,189.9,10683655.0,244730547.0
2016-01-22,192.34,194.85,191.9,184.35,9464856.0,207845337.0
2016-01-25,195.81,202.5,198.59,194.07,10405562.0,238187214.0
2016-01-26,194.51,197.11,178.79,178.7,11001382.0,238907375.0
2016-01-27,179.75,181.74,177.31,162.55,11241254.0,222448224.0
2016-01-28,173.93,188.08,173.84,173.32,13109333.0,274587178.0
2016-01-29,173.67,186.34,182.0,173.67,9754033.0,202731505.0
2016-02-01,181.92,186.52,179.31,175.06,7825384.0,163551364.0
2016-02-02,178.88,188.34,186.87,178.88,8560099.0,181907138.0
2016-02-03,184.52,188.08,187.04,181.05,7790021.0,165382564.0
2016-02-04,205.62,205.71,198.07,196.94,25013324.0,583642755.0
2016-02-05,194.94,206.92,200.5,194.07,20647291.0,479160511.0
2016-02-15,190.43,203.54,200.59,190.43,12775434.0,291129140.0
2016-02-16,202.15,208.23,207.18,200.67,13429753.0,317131198.0
2016-02-17,208.31,219.69,211.96,208.05,17482350.0,432075015.0
2016-02-18,211.44,213.18,207.71,206.75,12919278.0,310611044.0
2016-02-19,204.93,207.97,206.49,204.75,7013162.0,166319239.0
2016-02-22,209.27,212.22,211.61,206.92,8786588.0,212294034.0
2016-02-23,211.61,216.04,210.57,206.66,9884635.0,240748820.0
2016-02-24,210.22,225.77,223.6,205.1,15002323.0,369132092.0
2016-02-25,218.82,224.81,201.28,201.28,19509391.0,481250565.0
2016-02-26,204.06,209.18,203.62,199.54,10985507.0,259226745.0
2016-02-29,203.02,203.02,183.31,183.31,13196535.0,282733630.0
2016-03-01,184.17,186.78,184.0,174.1,7763936.0,163874637.0
2016-03-02,184.43,196.07,193.29,183.22,10314857.0,225636233.0
2016-03-03,194.07,204.49,196.94,191.03,13659019.0,311686578.0
2016-03-04,195.38,200.15,189.04,183.65,9881784.0,219430349.0
2016-03-07,190.25,197.37,193.47,190.25,5733378.0,128161583.0
2016-03-08,191.03,197.37,196.07,184.61,8533612.0,188577662.0
2016-03-09,191.47,205.36,196.76,189.3,11178068.0,255984196.0
2016-03-10,198.68,207.97,199.72,197.11,15201868.0,355223764.0
2016-03-11,196.85,197.63,194.42,191.03,8198438.0,183407032.0
2016-03-14,197.55,203.88,200.5,196.94,9715480.0,224978175.0
2016-03-15,199.98,204.06,202.06,198.41,9671922.0,224643163.0
2016-03-16,204.84,205.79,199.2,197.28,6928650.0,160445995.0
2016-03-17,201.89,205.45,204.32,198.85,11931701.0,278912860.0
2016-03-18,205.97,214.31,211.87,205.79,16490393.0,398640634.0
2016-03-21,217.08,233.06,233.06,217.0,8835023.0,232287940.0
2016-03-28,256.33,256.33,239.83,238.71,37335523.0,1073523439.0
2016-03-29,237.66,241.83,221.43,217.08,24285005.0,637203225.0
2016-03-30,225.59,233.41,231.5,222.81,15939598.0,418495878.0
2016-03-31,231.06,234.97,230.11,226.2,14559986.0,386960431.0
2016-04-01,227.94,234.19,228.46,225.77,10973317.0,290534202.0
2016-04-05,228.46,232.28,231.5,224.03,12594235.0,332245577.0
2016-04-06,229.59,236.1,230.89,228.2,10964126.0,292819044.0
2016-04-07,231.5,234.19,222.29,221.6,11834513.0,308443822.0
2016-04-08,218.82,227.42,221.43,216.22,9381614.0,239312406.0
2016-04-11,222.64,227.5,222.9,222.21,7033233.0,181760131.0
2016-04-12,223.16,227.5,224.55,221.43,7669227.0,198196741.0
2016-04-13,226.11,229.24,225.59,223.51,10973280.0,285949028.0
2016-04-14,226.81,227.16,226.11,224.03,6806898.0,176757787.0
2016-04-15,226.03,231.5,230.63,223.25,13598750.0,357659694.0
2016-04-18,226.37,228.2,224.29,224.12,7368041.0,191341835.0
2016-04-19,225.42,227.94,226.55,223.42,7275480.0,189173366.0
2016-04-20,226.81,227.94,210.14,204.93,13150561.0,325739384.0
2016-04-21,209.96,211.79,206.92,205.71,6538845.0,157785688.0
2016-04-22,204.15,208.4,207.97,204.06,4231812.0,100727257.0
2016-04-25,206.66,222.12,213.96,198.67,11737051.0,284645236.0
2016-04-26,209.79,213.44,211.96,208.49,5649139.0,137392761.0
2016-04-27,212.66,222.99,219.34,211.96,13144752.0,330578985.0
2016-04-28,219.95,227.42,221.86,217.34,15817823.0,405701640.0
2016-04-29,218.56,225.77,220.04,217.78,7018504.0,178100739.0
2016-05-03,222.03,226.55,226.29,218.21,9388600.0,241649223.0
2016-05-04,230.98,242.26,231.32,230.98,19357801.0,525551303.0
2016-05-05,229.07,236.79,235.58,227.59,15146780.0,404918424.0
2016-05-06,237.92,247.47,236.62,226.63,27864569.0,762836419.0
2016-05-09,233.41,242.7,236.01,231.5,25030561.0,684868469.0
2016-05-10,232.71,235.41,218.39,213.61,20609358.0,531343428.0
2016-05-11,220.73,221.34,216.47,214.48,9533439.0,239016159.0
2016-05-12,212.74,218.65,217.0,204.49,8731336.0,211948043.0
2016-05-13,220.47,227.33,223.16,218.21,12461219.0,320109074.0
2016-05-16,220.56,229.5,227.24,220.56,8707577.0,226652638.0
2016-05-17,225.85,232.1,225.33,224.99,9802385.0,256981491.0
2016-05-18,223.42,227.42,215.87,211.53,10870204.0,275619084.0
2016-05-19,218.99,237.24,218.3,216.56,16320300.0,211840262.0
2016-05-20,208.74,213.78,211.35,201.96,27514157.0,329310930.0
2016-05-23,211.69,222.12,219.69,208.91,21610265.0,267498443.0
2016-05-24,219.34,219.34,211.69,209.61,14889313.0,183579431.0
2016-05-25,213.43,215.34,207.18,205.96,14687914.0,177547905.0
2016-05-26,205.61,210.13,206.31,199.88,16918779.0,198209844.0
2016-05-27,206.31,215.34,208.22,204.05,17896891.0,215299770.0
2016-05-30,207.35,215.52,209.44,207.18,14763401.0,179297321.0
2016-05-31,210.48,222.3,220.73,209.26,28738994.0,358360524.0
2016-06-01,220.73,230.64,229.25,219.17,37145627.0,481204965.0
2016-06-02,229.07,230.64,228.55,224.56,23915441.0,313452897.0
2016-06-03,229.42,236.37,229.6,228.38,26057865.0,346259332.0
2016-06-06,229.6,237.42,230.99,228.55,28222601.0,377426379.0
2016-06-07,228.9,229.77,224.21,220.91,24295010.0,313457199.0
2016-06-08,224.38,234.29,232.72,223.34,34758253.0,458246646.0
2016-06-13,238.11,248.02,220.91,220.38,60577668.0,822973733.0
2016-06-14,212.56,218.82,218.12,210.82,27976029.0,344856437.0
2016-06-15,214.13,229.6,228.9,212.56,31699593.0,408826215.0
2016-06-16,225.95,227.51,217.26,214.13,37575076.0,474175955.0
2016-06-17,215.52,218.65,214.3,211.0,26156348.0,321703716.0
2016-06-20,213.61,213.61,207.35,205.09,18582495.0,221739676.0
2016-06-21,210.3,211.87,205.44,203.53,16277383.0,194755025.0
2016-06-22,204.39,206.31,206.13,200.4,14509523.0,169926073.0
2016-06-23,206.31,209.96,206.13,202.83,15586954.0,185398798.0
2016-06-24,205.09,207.7,197.79,189.62,20847637.0,239321493.0
2016-06-27,193.97,201.61,199.35,193.79,11612046.0,132805642.0
2016-06-28,197.79,202.13,200.22,196.57,16423742.0,188508168.0
2016-06-29,201.44,206.65,203.53,198.31,22039081.0,256029377.0
2016-06-30,201.61,202.83,199.7,199.01,12781807.0,147350105.0
2016-07-01,200.92,201.44,198.31,198.14,7588473.0,87013830.0
2016-07-04,196.92,200.05,199.53,195.7,11585917.0,132510269.0
2016-07-05,199.88,200.92,199.88,199.01,10277783.0,118120149.0
2016-07-06,199.88,201.09,198.83,198.14,11149305.0,127820777.0
2016-07-07,199.01,199.53,195.7,193.1,16561070.0,186582556.0
2016-07-08,196.05,196.05,193.79,192.92,10696373.0,119453161.0
2016-07-11,193.97,195.53,192.92,192.75,10493302.0,117196075.0
2016-07-12,193.1,193.79,193.27,189.45,12657802.0,139823604.0
2016-07-13,194.14,197.79,196.75,192.58,16755524.0,188996612.0
2016-07-14,196.92,196.92,195.53,193.79,9900593.0,111114757.0
2016-07-15,195.53,197.62,196.92,194.66,12528508.0,141517851.0
2016-07-18,196.4,196.4,194.14,192.92,8644140.0,96556720.0
2016-07-19,193.62,193.97,192.75,191.19,8550469.0,94553896.0
2016-07-20,192.92,196.05,194.66,192.75,10887577.0,122223072.0
2016-07-21,195.36,204.4,200.75,194.84,30675059.0,352803906.0
2016-07-22,198.14,201.09,195.88,195.7,17500015.0,199454800.0
2016-07-25,196.92,196.92,194.49,192.92,11409560.0,127871718.0
2016-07-26,194.84,196.05,195.71,194.14,7666035.0,86079276.0
2016-07-27,195.88,198.66,189.97,179.89,22559599.0,249943281.0
2016-07-28,188.23,190.14,184.75,180.93,13626538.0,145219632.0
2016-07-29,183.89,185.8,180.58,179.89,9625355.0,100847456.0
2016-08-01,177.46,179.02,173.98,173.11,12397042.0,124617416.0
2016-08-02,173.98,180.06,178.15,173.81,9450637.0,96609387.0
2016-08-03,176.93,179.54,178.67,176.41,8351476.0,85713058.0
2016-08-04,178.85,178.85,177.46,175.37,7523466.0,76532419.0
2016-08-05,177.63,181.45,177.11,176.24,8245969.0,84914333.0
2016-08-08,177.11,178.67,178.32,175.72,6949513.0,70993709.0
2016-08-09,178.67,179.72,179.37,177.63,7978484.0,82101997.0
2016-08-10,178.85,179.89,177.8,177.46,7483730.0,76846244.0
2016-08-11,176.76,178.67,175.54,175.2,6086700.0,61936683.0
2016-08-12,175.54,176.76,176.24,173.98,6798087.0,68569447.0
2016-08-15,176.24,184.75,181.97,175.72,19556780.0,204996000.0
2016-08-16,182.5,184.75,182.84,180.58,13835113.0,145109447.0
2016-08-17,182.15,182.84,181.45,180.06,11249995.0,117346332.0
2016-08-18,180.76,199.01,190.84,180.58,35143828.0,384747483.0
2016-08-19,189.1,190.32,186.15,184.23,19013592.0,204613446.0
2016-08-22,186.15,189.97,184.75,184.23,10957869.0,117726885.0
2016-08-23,184.06,188.23,185.28,183.36,9513132.0,101336923.0
2016-08-24,184.93,186.15,183.36,182.84,7188611.0,76183745.0
2016-08-25,182.32,182.32,179.02,178.15,8565821.0,88463861.0
2016-08-26,178.84,180.41,179.19,178.67,5101758.0,52709391.0
2016-08-29,177.98,179.54,178.5,177.8,5125650.0,52593396.0
2016-08-30,177.63,178.84,178.32,177.46,4832035.0,49518433.0
2016-08-31,178.67,181.45,179.54,178.67,6155837.0,63594704.0
2016-09-01,179.54,180.24,177.28,176.59,5976011.0,61240123.0
2016-09-02,177.98,178.15,176.59,175.54,5717709.0,58183923.0
2016-09-05,176.76,177.63,176.24,175.89,4658875.0,47354003.0
2016-09-06,176.93,179.02,178.32,174.67,7864277.0,79880309.0
2016-09-07,177.8,178.67,176.93,176.59,6266570.0,63971505.0
2016-09-08,176.41,183.88,180.93,176.06,17837904.0,185464350.0
2016-09-09,179.71,180.58,178.32,177.63,7947175.0,81687103.0
2016-09-12,174.85,177.11,173.46,173.46,10364531.0,104100939.0
2016-09-13,174.15,175.54,174.15,173.46,4184347.0,41903439.0
2016-09-14,173.81,173.98,171.89,171.37,7129116.0,70614110.0
2016-09-19,171.89,173.81,172.59,171.89,4319977.0,42900262.0
2016-09-20,172.94,172.94,171.89,171.37,3176500.0,31411757.0
2016-09-21,171.89,172.59,172.24,171.54,4889245.0,48397011.0
2016-09-22,172.94,173.46,173.28,171.89,6541033.0,64952021.0
2016-09-23,174.15,174.15,172.07,171.89,4447637.0,44116487.0
2016-09-26,171.37,171.72,164.42,164.25,8279399.0,80299412.0
2016-09-27,163.9,165.81,163.2,158.16,9944847.0,92799540.0
2016-09-28,163.03,163.03,160.77,160.25,5081131.0,47152440.0
2016-09-29,160.77,161.99,160.07,159.9,5161783.0,47843813.0
2016-09-30,160.07,161.81,161.64,159.55,5094205.0,47121347.0
2016-10-10,162.51,163.72,163.72,161.29,6157926.0,57618494.0
2016-10-11,164.25,164.59,164.42,162.85,5936124.0,55917988.0
2016-10-12,163.72,165.64,164.07,162.85,5448232.0,51534046.0
2016-10-13,163.38,165.98,163.72,163.38,5486980.0,51884198.0
2016-10-14,163.2,163.72,161.99,161.29,5072324.0,47320530.0
2016-10-17,161.29,163.55,161.12,160.94,5914960.0,55247522.0
2016-10-18,161.12,163.03,162.68,160.77,8108959.0,75687380.0
2016-10-19,163.2,164.25,163.38,162.68,7387385.0,69506435.0
2016-10-20,163.38,164.07,163.9,162.33,6662573.0,62565498.0
2016-10-21,163.9,164.59,162.51,161.81,6874847.0,64483722.0
2016-10-24,163.03,163.55,163.2,161.81,6985685.0,65460196.0
2016-10-25,163.72,171.02,166.33,163.03,20551386.0,197078370.0
2016-10-26,164.77,165.46,163.2,162.85,11512166.0,108464327.0
2016-10-27,163.38,163.38,162.51,161.81,5873408.0,54872370.0
2016-10-28,162.33,163.03,161.12,160.77,6685421.0,62215418.0
2016-10-31,161.12,161.12,159.55,158.68,5761414.0,52830381.0
2016-11-01,159.38,160.94,160.25,159.21,6594506.0,60679084.0
2016-11-02,160.59,161.46,159.73,159.21,8280756.0,76301459.0
2016-11-03,159.03,160.42,159.55,158.51,8486749.0,77851686.0
2016-11-04,159.55,160.94,159.21,158.86,6396438.0,58789566.0
2016-11-07,159.55,159.55,158.68,158.34,5336361.0,48720674.0
2016-11-08,159.21,160.42,159.55,158.51,6781084.0,62190951.0
2016-11-09,159.2,159.55,156.6,154.34,11773992.0,106384332.0
2016-11-10,158.16,161.46,160.25,156.6,15534826.0,142009948.0
2016-11-11,159.73,166.85,162.33,158.68,25872545.0,242042868.0
2016-11-14,161.46,162.85,162.16,160.25,13419567.0,124667618.0
2016-11-15,162.51,164.25,163.72,161.46,13005057.0,121828591.0
2016-11-16,164.25,164.77,163.2,162.33,12720779.0,119623386.0
2016-11-17,163.2,166.16,165.11,160.94,21901278.0,206548431.0
2016-11-18,163.9,166.33,164.42,163.55,17123543.0,162390063.0
2016-11-21,163.9,167.89,164.94,163.38,18189854.0,173457145.0
2016-11-22,165.29,176.06,170.5,164.42,43960164.0,433362107.0
2016-11-23,169.98,171.54,167.37,166.85,22005963.0,213364508.0
2016-11-24,167.03,168.24,164.59,163.55,14043918.0,133992386.0
2016-11-25,164.24,164.42,163.55,160.07,10109219.0,94494770.0
2016-11-28,163.55,166.33,163.72,163.38,9484069.0,89827933.0
2016-11-29,163.72,163.72,160.07,159.9,11743875.0,109117143.0
2016-11-30,159.9,160.59,159.55,158.86,8537027.0,78364158.0
2016-12-01,159.9,160.59,160.07,159.2,5037554.0,46368677.0
2016-12-02,160.07,160.42,158.16,157.81,7321379.0,66949851.0
2016-12-05,157.12,159.2,158.68,156.08,4169608.0,37870065.0
2016-12-06,159.2,159.2,157.99,157.81,3233910.0,29473726.0
2016-12-07,158.68,159.03,158.86,157.29,4546404.0,41364966.0
2016-12-08,158.86,159.55,158.34,158.34,4075584.0,37235529.0
2016-12-09,158.86,159.03,157.29,156.77,5043112.0,45809639.0
2016-12-12,157.29,157.29,146.69,146.0,12059742.0,105565222.0
2016-12-13,146.69,147.21,145.65,143.56,6137097.0,51335261.0
2016-12-14,145.82,158.68,150.51,143.56,16617794.0,144761882.0
2016-12-15,147.91,158.51,153.82,147.73,14306679.0,127121884.0
2016-12-16,151.73,159.03,155.21,151.73,14309916.0,128760732.0
2016-12-19,153.99,154.86,151.73,151.04,9224353.0,80870627.0
2016-12-20,151.73,152.08,148.95,147.21,7073980.0,60544079.0
2016-12-21,148.6,156.25,153.99,148.25,12492881.0,110395129.0
2016-12-22,153.47,163.2,160.77,152.25,33562907.0,308321933.0
2016-12-23,159.03,160.77,154.86,154.69,18937372.0,170995699.0
2016-12-26,154.69,158.51,157.47,151.73,10482721.0,93811193.0
2016-12-27,156.94,160.07,158.16,155.73,9916383.0,90013461.0
2016-12-28,157.64,158.34,154.86,154.69,7205802.0,64832565.0
2016-12-29,154.34,154.34,151.56,151.21,8008770.0,70338398.0
2016-12-30,152.25,152.6,150.34,149.12,5525350.0,47861012.0
2017-01-03,150.51,152.08,151.38,149.99,3682498.0,32015229.0
2017-01-04,151.21,152.95,152.77,150.34,5104147.0,44577906.0
2017-01-05,152.6,157.29,154.86,151.56,10952198.0,97321166.0
2017-01-06,154.16,157.64,155.73,153.82,11547174.0,103415283.0
2017-01-09,154.69,156.6,155.73,153.99,6879713.0,61424898.0
2017-01-10,154.51,155.56,153.29,153.12,6079335.0,54053076.0
2017-01-11,152.95,153.99,151.21,151.04,4928604.0,43182927.0
2017-01-12,151.21,156.08,151.21,150.34,6840314.0,59973238.0
2017-01-13,150.51,154.51,151.38,150.51,8026217.0,70408835.0
2017-01-16,151.73,152.25,142.17,138.17,10326740.0,86934087.0
2017-01-17,141.65,143.39,142.69,138.87,6036670.0,49153324.0
2017-01-18,142.87,144.6,142.52,141.82,3330500.0,27445922.0
2017-01-19,142.52,143.21,142.17,141.3,2683300.0,21971251.0
2017-01-20,142.17,143.91,142.69,141.82,5278056.0,43406624.0
2017-01-23,142.52,143.91,143.04,142.52,3714276.0,30616514.0
2017-01-24,143.21,143.74,142.52,142.34,3367662.0,27683171.0
2017-01-25,142.0,142.0,140.43,139.22,5316324.0,42944588.0
2017-01-26,140.61,141.13,140.61,140.26,3314022.0,26809169.0
2017-02-03,140.61,141.13,140.78,140.09,2071602.0,16766539.0
2017-02-06,140.43,143.56,143.04,140.26,4780200.0,39151166.0
2017-02-07,142.52,143.91,143.74,142.0,4732225.0,38936001.0
2017-02-08,143.56,143.91,143.56,141.82,3877685.0,31900008.0
2017-02-09,143.56,144.95,144.6,143.21,5274010.0,43763658.0
2017-02-10,144.43,144.6,143.04,142.69,5947882.0,49083389.0
2017-02-13,143.04,143.91,143.21,142.52,6659863.0,54923458.0
2017-02-14,143.56,157.47,157.47,143.04,24852424.0,221426930.0
2017-02-15,160.77,173.28,173.28,159.9,96787399.0,931400261.0
2017-02-16,187.71,190.66,190.66,186.14,51968989.0,565998858.0
2017-02-17,191.18,203.18,199.35,188.75,188856043.0,2131042181.0
2017-02-20,191.88,193.1,189.62,183.02,102493601.0,1111383418.0
2017-02-21,187.71,192.75,188.75,185.28,79761946.0,866606040.0
2017-02-22,186.67,190.66,184.06,180.58,80802516.0,857648510.0
2017-02-23,184.41,185.8,185.28,180.58,57115563.0,602623532.0
2017-02-24,183.36,185.28,181.28,179.89,45768771.0,480048892.0
2017-02-27,180.24,181.8,177.97,175.54,40772483.0,416303616.0
2017-02-28,179.02,180.58,180.24,176.76,36742248.0,377839177.0
2017-03-01,180.24,182.15,177.63,176.76,42140514.0,434828884.0
2017-03-02,177.63,183.54,178.84,176.24,56569286.0,588338513.0
2017-03-03,176.41,176.76,171.37,170.68,47801885.0,475817447.0
2017-03-06,171.02,173.63,173.46,170.68,25667596.0,254053201.0
2017-03-07,172.94,173.46,171.72,170.33,22983841.0,227340046.0
2017-03-08,172.41,175.54,174.5,170.5,29712978.0,296223572.0
2017-03-09,173.98,173.98,169.63,167.89,28587325.0,279979553.0
2017-03-10,170.85,172.59,170.68,168.76,18111808.0,177786225.0
2017-03-13,170.15,171.54,171.37,167.03,18384154.0,179142993.0
2017-03-14,171.2,173.28,171.54,170.15,19529489.0,192904747.0
2017-03-15,171.2,175.19,174.15,168.94,28494831.0,282614178.0
2017-03-16,173.8,175.72,174.5,172.59,30917944.0,309566686.0
2017-03-17,174.32,174.5,168.59,168.42,29484070.0,291383870.0
2017-03-20,168.07,169.81,169.28,167.03,16844264.0,163044210.0
2017-03-21,169.28,171.89,171.37,167.89,19425806.0,190282333.0
2017-03-22,170.33,171.02,168.94,168.42,15478969.0,150769253.0
2017-03-23,167.89,169.28,165.98,163.72,19779501.0,189384585.0
2017-03-24,165.98,171.2,170.33,164.24,23804902.0,229525099.0
2017-03-27,171.54,178.15,173.98,171.54,57392989.0,578224872.0
2017-03-28,171.72,176.24,173.46,171.37,25171364.0,251211418.0
2017-03-29,174.32,177.8,175.37,171.2,41361920.0,416583402.0
2017-03-30,174.32,174.85,163.9,163.03,35523328.0,346092140.0
2017-03-31,167.55,167.72,163.2,161.64,21097234.0,199397250.0
2017-04-05,162.33,168.76,167.2,161.29,18428119.0,175554928.0
2017-04-06,165.98,167.72,165.63,164.59,14655928.0,139856878.0
2017-04-07,165.63,177.63,170.68,163.2,41876943.0,412606249.0
2017-04-10,168.59,169.11,166.33,164.24,24507536.0,234321302.0
2017-04-11,164.94,167.37,165.63,161.99,21560642.0,203850280.0
2017-04-12,165.11,180.58,175.54,163.55,72374274.0,725483530.0
2017-04-13,173.8,176.06,175.72,171.37,39988948.0,399207496.0
2017-04-14,173.28,174.85,166.68,165.46,32731911.0,319385988.0
2017-04-17,165.11,165.11,157.99,157.29,27275563.0,252544173.0
2017-04-18,157.81,160.42,153.29,151.21,27016984.0,240894989.0
2017-04-19,151.56,152.25,147.91,146.0,17637602.0,150795834.0
2017-04-20,147.56,150.51,148.08,146.86,10011603.0,85453310.0
2017-04-21,147.91,149.65,144.08,143.91,9951023.0,83676121.0
2017-04-24,144.26,145.13,139.39,139.04,9240502.0,74783542.0
2017-04-25,140.09,141.48,140.78,139.22,7282760.0,58893047.0
2017-04-26,140.61,141.82,141.82,139.56,7217733.0,58529361.0
2017-04-27,141.48,141.48,136.78,130.35,21890963.0,169215641.0
2017-04-28,136.26,141.13,140.09,134.35,13318937.0,105765012.0
2017-05-02,139.04,139.91,137.83,135.74,9343700.0,74195109.0
2017-05-03,136.78,143.04,141.13,135.57,16957673.0,136669389.0
2017-05-04,139.56,139.91,138.35,137.65,10406966.0,82995615.0
2017-05-05,138.0,139.74,135.57,135.39,7198902.0,56976950.0
2017-05-08,134.52,136.26,131.4,130.87,7102400.0,54705523.0
2017-05-09,131.92,133.66,133.13,129.66,6191800.0,47030428.0
2017-05-10,133.13,134.0,129.31,128.96,8156969.0,61895607.0
2017-05-11,128.62,128.62,124.79,119.92,12192135.0,87319256.0
2017-05-12,124.44,128.27,125.49,122.88,7961743.0,57436263.0
2017-05-15,124.62,126.53,124.1,123.92,5032904.0,36263507.0
2017-05-16,124.27,126.88,126.88,120.97,8683902.0,62175955.0
2017-05-17,126.01,130.0,128.09,125.66,11321836.0,83527501.0
2017-05-18,127.05,130.35,128.96,126.53,10362102.0,76754927.0
2017-05-19,129.48,131.22,128.44,127.22,8980673.0,66762874.0
2017-05-22,127.75,128.27,122.88,122.53,9308500.0,67042840.0
2017-05-23,122.18,122.88,113.84,113.32,13111401.0,89059847.0
2017-05-24,113.15,115.41,115.06,111.58,5394778.0,35367811.0
2017-05-25,115.06,117.67,116.62,113.67,6613200.0,43968878.0
2017-05-26,116.62,117.32,116.28,115.93,4237804.0,28407012.0
2017-05-31,117.84,118.71,116.1,115.75,4511304.0,30392441.0
2017-06-01,115.93,116.45,110.36,110.36,6749679.0,43679381.0
2017-06-02,110.36,112.62,111.93,109.15,4767900.0,30388316.0
2017-06-05,111.23,114.19,113.32,111.23,4898917.0,31848489.0
2017-06-06,112.62,114.54,114.02,112.62,4664908.0,30548042.0
2017-06-07,114.02,117.49,117.32,114.02,7691925.0,51434636.0
2017-06-08,117.14,117.84,116.1,115.75,6497210.0,43591651.0
2017-06-09,112.97,113.15,112.8,104.46,41282753.0,258077388.0
2017-06-12,107.24,110.36,108.11,106.02,18495479.0,115986014.0
2017-06-13,107.06,114.54,110.71,106.72,20239000.0,128820093.0
2017-06-14,110.02,114.02,111.76,108.28,19390702.0,124727866.0
2017-06-15,111.06,115.06,114.36,110.02,21272185.0,138061986.0
2017-06-16,113.67,116.8,114.36,112.97,16733047.0,110460243.0
2017-06-19,112.8,125.83,119.23,112.45,28806046.0,198690789.0
2017-06-20,118.88,119.92,118.01,116.1,18673341.0,126410450.0
2017-06-21,117.14,121.31,118.36,116.45,17602592.0,120367591.0
2017-06-22,117.49,119.92,114.19,114.02,15584300.0,104979062.0
2017-06-23,112.97,113.84,112.8,110.36,11917306.0,76845860.0
2017-06-26,112.28,114.02,113.67,112.28,6262202.0,40813155.0
2017-06-27,114.02,123.4,118.71,114.02,23598184.0,161607401.0
2017-06-28,118.71,119.06,116.45,115.93,12870918.0,86401758.0
2017-06-29,117.14,117.32,116.45,115.93,6717653.0,44970491.0
2017-06-30,116.1,119.06,118.53,116.1,13872768.0,94414246.0
2017-07-03,118.36,120.1,119.23,117.49,9233990.0,63256587.0
